0.98948413 1097 163 1179 352 
0.9760394 300 149 358 282 
0.95213234 124 177 158 250 
0.9329909 383 191 407 262 
0.9213593 224 204 239 247 
0.886437 1069 204 1096 278 
0.8325452 194 203 215 251 
0.8152593 449 196 465 244 
0.8045652 474 189 503 243 
0.7976826 499 192 523 260 
0.7657977 551 201 576 264 
0.7278715 1044 202 1065 248 
0.7169805 359 201 381 244 
0.7067877 158 214 177 249 
0.7066861 620 208 634 241 
0.6811124 1183 196 1216 276 
0.6234288 644 213 653 239 
0.6012228 1170 190 1194 268 
0.5317781 580 210 590 241 
