0.99604166 196 292 315 595 
0.9951899 652 278 781 520 
0.9921589 863 270 943 463 
0.9881733 795 283 849 417 
0.9851821 59 265 167 615 
0.9672696 750 299 806 487 
0.96542215 377 283 428 497 
0.9529492 1 293 83 618 
0.94544166 418 290 489 499 
0.94541025 1024 291 1063 387 
0.944473 979 293 1008 373 
0.9279603 148 295 213 533 
0.89619476 1085 284 1112 382 
0.8877928 1084 269 1264 637 
0.8793186 503 290 658 562 
0.8725263 1070 298 1088 358 
0.84682286 525 274 589 468 
0.81832224 774 291 797 350 
0.7661049 939 300 962 373 
0.7624744 1005 291 1023 372 
0.742233 616 275 661 448 
0.73407584 1129 271 1257 388 
0.7208859 1056 290 1073 359 
0.7183555 328 279 386 457 
0.7176962 484 298 523 458 
0.5495438 1193 271 1252 342 
0.54209834 312 277 360 453 
0.50871825 956 299 976 371 
0.5063057 514 291 552 463 
