0.9979844 20 255 131 642 
0.9959758 156 252 285 668 
0.994013 1028 343 1236 715 
0.9708184 311 315 404 607 
0.9651257 816 339 888 612 
0.96474385 678 306 810 695 
0.96397746 259 311 317 530 
0.95678854 385 393 468 603 
0.9199524 902 403 923 462 
0.9179496 606 317 674 556 
0.91627187 551 308 656 672 
0.89531326 1006 335 1074 603 
0.88744175 451 303 568 695 
0.83178455 786 324 858 615 
0.79965657 968 406 986 463 
0.7660145 976 409 1005 471 
0.74526304 1233 413 1280 597 
0.72086674 949 395 971 466 
0.7132461 1032 344 1095 607 
0.67123854 462 304 667 685 
0.6031571 611 326 759 673 
0.52174866 0 296 46 522 
0.515291 305 317 350 412 
