0.99573 966 351 1052 586 
0.99547607 427 325 499 520 
0.99188167 773 448 898 700 
0.9817135 512 324 588 529 
0.9788543 208 294 257 419 
0.9785589 135 299 208 475 
0.9757253 86 288 148 483 
0.9654547 318 312 374 496 
0.95419294 844 352 940 548 
0.8622653 572 349 639 500 
0.85749054 1142 416 1169 479 
0.8372257 645 359 692 516 
0.7866648 703 342 765 554 
0.77375966 0 278 51 352 
0.76841056 355 311 390 437 
0.761125 627 362 672 516 
0.74424136 751 342 792 470 
0.68370086 1190 423 1216 481 
0.6631086 1224 430 1248 486 
0.65280914 395 303 446 447 
0.64507043 788 361 857 450 
0.61850137 717 344 769 480 
0.56773424 264 299 294 406 
0.5356507 730 416 848 651 
0.5297936 486 328 538 482 
0.51979893 569 331 607 425 
