0.9958994 1146 234 1241 436 
0.99210757 1053 247 1116 386 
0.9656799 266 229 354 465 
0.96047753 1029 277 1051 336 
0.9457632 822 279 843 334 
0.9289812 232 291 252 340 
0.88550353 200 292 219 341 
0.86039805 973 275 991 335 
0.83298 955 283 971 334 
0.7998893 17 300 36 350 
0.78594613 919 280 938 336 
0.7819786 849 286 860 323 
0.7585902 1054 281 1071 336 
0.7394731 873 283 892 328 
0.70419395 350 291 366 332 
0.70264757 1005 279 1033 335 
0.67189246 171 291 192 345 
0.6330841 144 290 164 348 
0.6062986 92 293 113 344 
0.59611326 70 285 94 342 
0.58179146 296 231 353 376 
0.55289894 911 281 932 336 
0.5472064 267 289 282 336 
0.5172006 941 281 952 328 
0.5086492 853 285 864 322 
