0.9889165 766 308 797 383 
0.9843443 0 254 58 486 
0.98413175 216 272 296 465 
0.9815376 181 280 231 434 
0.9704334 485 302 511 379 
0.9702233 136 264 189 409 
0.9514119 32 247 91 455 
0.92363495 305 290 333 367 
0.9179532 660 316 673 356 
0.8518458 457 301 479 366 
0.7947114 399 301 428 376 
0.67657137 521 333 567 367 
0.6727624 915 334 929 365 
0.6622738 435 302 458 377 
0.6614669 112 276 138 345 
0.65958285 566 313 578 340 
0.6528322 358 287 375 366 
0.64822876 278 289 300 379 
0.6181485 799 316 816 359 
0.5975919 371 297 388 369 
0.56560075 342 302 366 367 
0.55796623 384 305 409 362 
