0.99318767 955 270 1041 484 
0.9870811 362 278 432 433 
0.97201926 430 282 479 404 
0.95474446 770 268 852 491 
0.9271396 693 278 723 369 
0.8980395 471 335 500 400 
0.8617508 539 289 598 366 
0.8360407 735 287 762 362 
0.7691862 609 279 638 362 
0.74887735 916 301 933 337 
0.722656 902 304 914 336 
0.6969972 165 278 225 415 
0.68237704 583 289 617 366 
0.66315204 851 295 869 350 
0.6558674 881 302 895 338 
0.6072952 759 282 797 363 
0.5818578 720 294 736 358 
0.5228055 520 283 550 368 
