0.99790454 945 192 1040 454 
0.9952291 502 170 632 477 
0.9928918 1198 238 1243 339 
0.99175334 335 208 431 458 
0.9889655 209 188 335 461 
0.988252 449 221 500 357 
0.984977 1047 233 1097 366 
0.9818678 648 189 730 457 
0.9573857 882 222 946 368 
0.8924807 204 202 237 313 
0.8897413 716 236 761 368 
0.88528085 746 218 819 373 
0.8418069 625 218 661 348 
0.8274767 1086 226 1118 343 
0.74247795 823 233 849 269 
0.65885586 320 204 348 254 
0.651181 502 218 532 345 
0.6115478 941 263 962 345 
0.5693313 421 218 462 352 
0.5143723 317 204 348 339 
