0.98193467 1186 358 1278 569 
0.973796 1040 365 1107 562 
0.9691501 397 328 466 501 
0.9658504 732 332 826 465 
0.95427 97 334 165 494 
0.94554406 686 352 729 459 
0.93951267 259 332 310 481 
0.9376358 182 351 219 483 
0.9366808 44 350 90 490 
0.9349624 354 354 390 466 
0.90735525 548 340 592 491 
0.88184685 13 354 40 436 
0.8781882 312 355 367 477 
0.7293469 931 348 974 521 
0.72432137 490 352 522 456 
0.70013183 152 127 221 245 
0.68270236 155 363 177 439 
0.6529738 532 348 566 457 
0.65220386 451 341 485 467 
0.64008373 962 356 994 484 
0.62806255 302 358 336 465 
0.6280448 948 252 975 286 
0.6210037 234 355 265 464 
0.6115542 93 351 116 475 
0.6050652 581 323 614 482 
0.579242 632 348 665 452 
0.5214993 723 349 759 459 
0.5135936 1180 346 1231 426 
