0.99712366 1064 323 1142 508 
0.9834172 737 352 759 433 
0.95690596 189 359 215 413 
0.9329706 864 342 897 438 
0.92622054 1245 328 1279 502 
0.9098821 275 359 291 407 
0.90432644 785 354 800 407 
0.8741528 260 356 278 407 
0.87219334 219 360 238 410 
0.85905397 849 352 872 433 
0.84862715 141 365 168 444 
0.8477315 769 356 785 408 
0.8271606 1154 368 1201 464 
0.8048262 684 346 703 396 
0.781898 242 356 261 402 
0.73450094 622 364 650 435 
0.6432017 661 353 673 398 
0.61244464 150 384 174 442 
0.50511944 722 353 731 389 
