0.9917704 789 299 862 527 
0.9909859 1097 302 1220 598 
0.9803649 1221 313 1279 461 
0.97901124 466 313 485 369 
0.9776223 1045 288 1132 519 
0.960687 732 325 759 413 
0.9560688 996 308 1045 487 
0.9324516 953 315 1003 440 
0.92207545 760 327 791 414 
0.8859555 598 316 625 387 
0.8631843 696 315 732 414 
0.83794755 620 315 640 378 
0.82116246 1013 294 1078 499 
0.7739094 26 316 46 358 
0.7688446 440 317 454 362 
0.65765285 203 286 220 340 
0.63392377 652 316 683 413 
0.6298348 418 314 432 353 
0.62874717 675 317 696 411 
0.57563084 49 316 65 338 
0.5291624 648 322 664 359 
0.5261016 781 294 818 458 
0.5027704 519 307 553 393 
