0.974326 366 240 414 378 
0.9695453 490 263 527 369 
0.9663263 314 240 357 378 
0.95693356 669 291 703 365 
0.95654774 874 290 911 370 
0.95060426 270 244 319 379 
0.9473423 430 237 486 378 
0.9435108 641 292 672 365 
0.9255824 1198 278 1246 376 
0.9255007 74 197 206 435 
0.8811698 1148 287 1186 378 
0.8616799 412 244 442 372 
0.85349023 750 287 786 361 
0.85180336 843 286 877 365 
0.82358617 1127 286 1152 377 
0.82299453 906 301 938 370 
0.80686533 536 284 558 351 
0.7851947 597 287 615 352 
0.7656791 218 338 307 439 
0.7328615 2 195 129 433 
0.68430156 572 287 598 351 
0.6830182 1105 283 1124 365 
0.5897262 996 295 1019 352 
0.57837784 624 292 640 352 
0.5601613 1086 292 1115 369 
0.56008947 212 265 239 373 
0.5489168 565 289 583 350 
0.53775 349 261 369 360 
