0.99592245 156 79 345 536 
0.9956852 450 239 568 460 
0.9929162 626 256 743 474 
0.9859065 860 263 907 390 
0.98450595 1215 254 1275 447 
0.98086 403 235 473 410 
0.9771099 349 231 417 444 
0.95798606 817 269 883 414 
0.94243044 60 224 118 373 
0.9307359 1086 269 1139 461 
0.9292165 1125 276 1193 469 
0.9159907 0 195 42 413 
0.8664307 573 260 607 368 
0.8477528 111 229 150 367 
0.8411235 1018 274 1078 422 
0.79393476 997 273 1030 345 
0.7788028 704 261 740 350 
0.73042417 140 235 179 360 
0.70054877 624 249 660 336 
0.65291333 1063 280 1084 365 
0.5947112 1181 281 1201 339 
0.58895105 747 268 777 332 
0.53052557 731 320 833 417 
0.5294851 982 273 1000 338 
