0.9940295 1094 340 1154 517 
0.9930642 198 380 235 470 
0.9842052 1156 350 1204 456 
0.9842015 995 328 1054 526 
0.9807484 237 385 263 463 
0.9796245 1042 309 1104 538 
0.95298654 894 366 920 432 
0.93911844 696 373 725 444 
0.93654895 131 386 155 471 
0.92692786 844 371 876 434 
0.896091 162 389 203 458 
0.7714157 110 384 130 453 
0.763673 774 372 793 439 
0.7131335 797 367 811 433 
0.66677785 821 371 838 433 
0.6204866 277 381 297 435 
0.6109509 926 375 947 433 
0.5000648 800 367 825 432 
