0.98953736 243 252 309 463 
0.97239166 17 235 57 330 
0.9692413 180 241 210 340 
0.9442895 320 265 343 326 
0.9319447 1141 313 1167 379 
0.92444694 1108 316 1133 388 
0.92052025 995 316 1011 357 
0.91858405 1059 318 1084 374 
0.91007066 972 309 990 356 
0.8799101 102 244 121 326 
0.85634565 1019 313 1037 367 
0.85256666 64 244 88 330 
0.8123533 1214 321 1245 403 
0.7983982 710 299 720 325 
0.77004474 1085 317 1102 375 
0.7580873 1241 324 1271 405 
0.7253915 1161 319 1184 380 
0.7176714 359 270 382 317 
0.7174083 1261 300 1280 403 
0.69866097 846 299 866 343 
0.6630515 55 275 75 330 
0.65118885 1031 312 1047 369 
0.64291805 1099 315 1112 375 
0.6211326 963 310 977 359 
0.6155501 721 300 733 323 
0.58499753 673 292 687 324 
0.5578694 744 300 757 336 
0.55744094 306 272 319 313 
0.5281062 726 299 735 324 
0.51968545 219 266 233 310 
0.51016873 791 303 803 336 
0.50274265 310 271 324 313 
