0.99793077 2 204 89 439 
0.9972752 251 228 313 402 
0.98947716 124 242 179 403 
0.98944014 310 233 362 369 
0.9744796 85 232 127 352 
0.9640159 179 235 232 408 
0.9592745 1166 308 1191 366 
0.9287066 615 283 634 331 
0.91704684 779 292 794 331 
0.90545386 1052 303 1074 355 
0.8982993 602 284 617 331 
0.8936801 1093 302 1108 355 
0.8670773 1189 305 1206 367 
0.86419475 729 291 743 335 
0.8320051 829 298 838 333 
0.8077403 976 303 991 346 
0.8043367 1009 303 1024 347 
0.7867993 849 297 860 335 
0.77030516 958 295 977 346 
0.76178163 1082 302 1095 353 
0.7261706 812 300 824 334 
0.72352684 839 296 849 334 
0.70891255 996 303 1008 347 
0.6728099 1129 304 1146 361 
0.66362536 242 260 259 322 
0.635819 992 302 1003 347 
0.61914486 354 257 370 334 
0.54652697 1065 303 1081 354 
0.5208187 941 285 957 319 
0.5136677 825 298 834 333 
