0.99460655 692 345 768 490 
0.9900081 872 359 960 529 
0.9891635 622 346 675 489 
0.97787756 1153 371 1200 547 
0.9349592 1024 355 1082 504 
0.9291879 32 319 72 402 
0.91975296 0 292 29 457 
0.8683054 997 354 1040 496 
0.8108138 586 345 602 394 
0.73227626 601 344 617 395 
0.725155 799 352 840 466 
0.692239 1073 359 1108 495 
0.68735605 1115 358 1163 459 
0.6375517 574 346 585 381 
0.6153821 791 354 805 400 
0.58346635 743 351 766 398 
0.5653995 835 356 852 425 
0.527581 551 344 564 367 
