0.99695194 1046 313 1132 594 
0.9948486 486 275 615 532 
0.99292034 787 253 920 564 
0.98992366 899 267 1054 575 
0.9780425 234 260 316 509 
0.9723228 1130 354 1177 514 
0.97074807 356 278 478 512 
0.9698958 323 286 408 506 
0.94686943 599 302 764 542 
0.897678 584 305 629 455 
0.88789356 91 264 148 404 
0.8737385 450 299 512 436 
0.8345022 292 278 337 499 
0.8304708 49 288 85 385 
0.6918102 196 292 232 344 
0.64930964 1237 345 1276 514 
0.60518825 775 313 819 437 
0.5899365 152 283 236 421 
0.5677332 915 330 958 429 
0.51325643 774 299 822 543 
