0.9952754 1152 302 1252 522 
0.98864704 797 323 826 403 
0.9872974 118 313 221 575 
0.9830446 231 308 262 397 
0.95740145 1005 321 1052 439 
0.9539554 842 312 863 381 
0.9467639 823 316 851 394 
0.93108773 973 324 1002 412 
0.9306492 66 306 88 393 
0.9291203 1111 310 1150 437 
0.9140973 865 327 901 408 
0.9127123 578 308 610 382 
0.9067337 956 316 979 394 
0.896728 542 312 583 395 
0.89619786 931 322 961 400 
0.8940735 901 324 931 408 
0.8684948 1057 321 1098 440 
0.85668296 617 308 628 337 
0.8110218 91 305 107 362 
0.7526427 0 306 25 406 
0.70940197 1137 303 1168 425 
0.6761794 685 304 700 350 
0.6099949 644 307 656 345 
0.5653465 1225 315 1254 402 
0.508004 1087 324 1115 424 
