0.994381 1088 187 1212 565 
0.9899831 856 211 955 508 
0.95345664 757 281 786 373 
0.93445456 956 219 1048 488 
0.9264196 1063 204 1132 487 
0.906543 782 267 837 408 
0.8956777 1177 197 1250 462 
0.8461718 699 279 740 373 
0.8089936 674 283 695 358 
0.8017505 819 281 847 404 
0.7961493 929 204 979 473 
0.6971703 1013 198 1067 304 
0.6670217 1012 196 1071 463 
0.6495276 635 287 653 341 
0.63860434 647 287 658 341 
0.6160871 928 205 975 302 
0.6058795 696 282 721 370 
0.60332596 621 299 635 331 
