0.9970271 358 302 545 591 
0.99634886 866 257 1021 633 
0.9952389 803 299 897 626 
0.99469733 1061 249 1278 653 
0.98841107 221 326 286 521 
0.938579 47 380 77 452 
0.89494884 135 383 163 446 
0.8885454 1040 321 1079 423 
0.8770292 20 387 43 451 
0.81572926 3 391 27 461 
0.795831 970 120 1027 213 
0.6966987 110 391 130 447 
0.6775713 780 346 810 420 
0.65862274 768 355 787 421 
0.6560657 14 392 29 453 
0.62399566 716 144 740 212 
0.59266794 1023 334 1042 412 
0.5584329 350 366 372 438 
0.54872763 909 196 949 262 
0.5435272 1010 332 1038 416 
