0.9971185 50 256 104 433 
0.99462235 1122 243 1199 493 
0.9788607 762 268 803 383 
0.97445685 0 264 34 345 
0.97312444 956 264 986 368 
0.94928235 482 282 510 336 
0.9100728 1076 247 1124 390 
0.90772194 1027 261 1080 382 
0.88075125 1213 249 1260 415 
0.83050716 636 289 660 331 
0.8207928 468 285 480 307 
0.81732994 897 286 917 354 
0.73887604 833 285 850 341 
0.7368841 1185 255 1227 398 
0.6789267 454 285 466 311 
0.6726857 934 280 959 360 
0.66028374 982 271 1002 354 
0.6008272 812 293 824 337 
0.5933626 425 288 436 319 
