0.99372476 379 451 488 655 
0.98256826 294 444 401 668 
0.9733675 1238 512 1280 720 
0.96062845 70 441 100 512 
0.9522546 806 498 834 571 
0.9343798 874 515 896 577 
0.92090666 764 494 782 559 
0.917841 627 490 653 552 
0.9060932 739 493 761 558 
0.89413804 145 459 169 516 
0.8641889 197 457 221 520 
0.8615733 108 445 136 515 
0.79255 862 507 879 572 
0.7804819 237 454 262 523 
0.7758186 778 502 795 563 
0.761647 255 467 276 525 
0.74631035 215 460 237 524 
0.63867766 129 449 148 513 
0.6001217 170 467 190 520 
