0.9930428 128 270 274 640 
0.9875108 492 343 523 412 
0.98096114 409 328 436 419 
0.9806496 13 329 52 431 
0.97943765 934 337 955 401 
0.9662529 654 335 700 426 
0.9609237 1082 344 1118 440 
0.950501 570 338 597 413 
0.94969547 105 333 126 392 
0.941624 1144 346 1194 457 
0.930499 287 333 311 401 
0.92963326 1036 336 1071 413 
0.9225405 903 339 923 393 
0.9063355 1126 344 1154 419 
0.905688 126 323 150 392 
0.89385647 849 345 868 407 
0.8875792 316 330 354 417 
0.8821916 868 342 882 383 
0.87024206 817 343 837 402 
0.84594595 1229 349 1247 396 
