0.99329776 921 252 1008 439 
0.99159944 844 248 912 446 
0.9855274 293 259 351 451 
0.9604329 326 267 373 443 
0.9530551 499 281 536 418 
0.9529006 1018 262 1069 418 
0.95037085 1181 194 1275 305 
0.9461575 664 258 724 440 
0.9319435 810 264 844 378 
0.9133161 540 290 579 417 
0.8803108 761 275 784 369 
0.8720121 601 265 658 433 
0.87060183 734 264 760 408 
0.8622266 1081 258 1129 357 
0.82193935 784 271 815 377 
0.8148469 700 259 743 416 
0.7032091 1134 255 1185 334 
0.66556656 1078 257 1109 347 
0.63832575 905 260 942 367 
0.5766827 1107 259 1136 311 
0.53097415 1263 205 1280 244 
