0.9958235 659 395 742 686 
0.9937065 1137 421 1249 717 
0.9931243 333 415 415 710 
0.98711675 608 422 667 617 
0.98647726 0 422 90 644 
0.98639977 797 427 880 650 
0.98594147 263 398 354 714 
0.9841958 947 416 1041 680 
0.9748878 855 408 973 715 
0.95920175 148 411 205 629 
0.9252893 1218 452 1280 716 
0.8591982 454 439 485 499 
0.8203873 496 437 519 502 
0.8103109 1133 463 1154 551 
0.77550286 736 441 759 509 
0.75446117 1027 451 1050 510 
0.7226625 764 449 780 505 
0.6366715 446 441 463 497 
0.59448785 532 434 551 496 
0.5539369 402 430 421 495 
0.52653587 564 442 589 503 
0.5041266 548 440 565 500 
