0.97005 823 335 849 397 
0.96693444 1193 341 1235 465 
0.9654997 761 332 787 389 
0.9624708 0 236 34 398 
0.9531699 144 284 195 421 
0.94024074 71 246 109 359 
0.9154749 898 331 919 400 
0.90982765 61 282 162 426 
0.90683436 938 338 957 402 
0.88115436 866 337 886 393 
0.87707883 783 323 796 359 
0.86739516 915 330 937 400 
0.76957905 882 335 899 396 
0.6744589 1174 353 1202 454 
0.64660454 557 303 568 332 
0.61297596 1166 360 1185 413 
0.5453233 806 322 820 356 
0.52920437 843 327 857 366 
