0.9988986 247 216 355 570 
0.9953355 748 236 934 563 
0.99473226 72 252 121 372 
0.98889357 157 266 189 349 
0.97774 1198 287 1280 612 
0.97730815 734 224 823 543 
0.9496319 606 277 641 366 
0.9147644 125 270 154 362 
0.9031875 665 281 690 369 
0.8999338 1147 301 1163 331 
0.8765745 564 284 574 310 
0.8030956 576 284 590 311 
0.75941235 696 289 710 323 
0.73443574 984 307 1009 335 
0.6973275 631 281 645 331 
0.63814604 499 282 512 324 
0.59750617 552 284 561 311 
0.55131674 350 274 369 328 
0.54104537 641 282 656 333 
0.50723755 725 290 747 335 
