0.994987 1063 112 1165 476 
0.99324036 299 213 485 582 
0.98748636 580 218 708 484 
0.98359156 750 205 874 504 
0.982271 136 245 268 550 
0.9703001 503 211 633 512 
0.9661828 253 238 325 501 
0.95909816 0 320 51 559 
0.9323546 67 258 212 579 
0.92235965 21 286 113 498 
0.8954976 1229 186 1257 255 
0.8503368 214 300 233 367 
0.8191771 370 227 410 312 
0.8177053 1024 165 1095 462 
0.69265056 990 198 1059 437 
0.606421 1200 191 1278 661 
0.55615485 758 243 775 278 
0.5090703 1170 141 1219 224 
0.5033366 296 213 399 535 
