0.9941287 548 344 596 473 
0.99249023 664 345 703 468 
0.9898615 63 313 144 532 
0.9873461 148 331 207 478 
0.9836917 245 334 294 468 
0.9712233 370 344 410 467 
0.9542152 1140 339 1220 487 
0.9481696 477 348 506 423 
0.9457444 339 337 367 460 
0.9112571 303 338 341 446 
0.8834013 0 356 21 447 
0.85398567 1014 350 1027 383 
0.8374014 970 350 982 384 
0.75232595 229 364 250 426 
0.7125023 130 345 148 404 
0.6923154 205 354 225 413 
0.6863598 1066 341 1085 380 
0.6491955 277 343 306 450 
0.6386122 53 358 71 428 
0.6309423 1057 340 1070 380 
0.5967954 866 342 882 370 
0.5621541 1148 342 1186 428 
0.5027992 877 347 890 368 
