0.9964 360 264 447 478 
0.9893295 140 260 210 450 
0.9454971 312 254 375 426 
0.9386797 634 287 657 351 
0.9341449 1167 287 1184 333 
0.92326736 574 287 595 348 
0.90661454 1090 296 1110 350 
0.89737886 1182 292 1199 340 
0.8906176 1218 283 1244 351 
0.88881785 1246 288 1272 354 
0.8763981 1066 290 1085 349 
0.8758852 1200 289 1213 328 
0.8697295 1133 297 1156 353 
0.83870405 562 287 581 344 
0.7971912 590 289 605 346 
0.73148 686 290 701 351 
0.71197116 624 289 640 348 
0.6830263 305 256 342 404 
0.66646194 615 291 628 346 
0.6066593 663 301 680 344 
