0.99601847 1149 244 1261 503 
0.99532604 671 243 784 479 
0.99451125 262 229 353 428 
0.98102015 403 231 447 401 
0.97917545 453 243 550 500 
0.9434594 1012 252 1065 419 
0.9423241 923 222 1035 551 
0.9099836 507 224 569 421 
0.8760875 1089 246 1121 326 
0.8737648 175 250 196 306 
0.81800133 195 245 218 303 
0.81774986 806 259 826 322 
0.7861986 891 245 933 337 
0.77084804 841 246 874 333 
0.76602423 77 251 112 341 
0.7477722 1076 247 1097 329 
0.7442098 937 220 1027 428 
0.7221697 390 250 403 283 
0.6945649 837 241 858 332 
0.66806614 51 248 80 325 
0.6163456 115 250 136 317 
0.6051007 658 254 685 320 
0.5924934 152 244 169 310 
0.5530443 880 245 914 338 
0.5340241 386 251 398 283 
0.5119551 379 250 388 283 
0.5103337 807 246 824 273 
0.5018667 217 249 242 301 
