0.995452 676 235 802 544 
0.9937849 135 298 293 578 
0.990297 40 340 81 411 
0.98707485 563 269 707 561 
0.9822391 898 283 943 370 
0.92618525 781 273 874 524 
0.92561775 1259 276 1279 341 
0.9171586 1143 277 1163 322 
0.8705215 362 283 375 331 
0.8535165 336 283 354 334 
0.83747554 767 277 798 375 
0.7346775 1054 276 1068 309 
0.7276507 1043 277 1056 309 
0.7216811 1075 273 1090 315 
0.7052122 1016 288 1029 312 
0.6904008 1229 262 1254 321 
0.6841293 1128 270 1147 316 
0.57088536 832 282 862 350 
0.52978617 832 284 876 386 
0.5200054 1083 277 1095 316 
