0.9953602 53 367 106 462 
0.9881302 1166 375 1230 540 
0.97660166 618 377 661 469 
0.96811277 578 372 617 467 
0.9554643 719 380 747 479 
0.9511514 318 348 348 469 
0.9297034 1223 374 1265 522 
0.9238554 825 394 843 448 
0.9176109 1072 383 1103 482 
0.89361054 932 379 967 460 
0.8359725 850 377 874 465 
0.83299685 344 362 372 451 
0.79819554 705 391 727 468 
0.773248 11 371 28 428 
0.77286154 812 392 832 448 
0.74249434 27 370 40 422 
0.70245624 163 365 192 437 
0.6940668 790 384 817 462 
0.61294836 17 372 35 428 
0.58964384 893 374 916 416 
