0.9897143 117 283 172 482 
0.9753685 776 354 796 413 
0.96290714 878 343 915 439 
0.95414424 264 329 290 428 
0.95264024 1140 348 1169 433 
0.95232075 1107 347 1140 447 
0.9389633 379 350 401 410 
0.9287578 969 360 995 433 
0.92477113 801 361 820 413 
0.89413756 287 339 311 425 
0.8539353 1212 347 1238 435 
0.85228205 822 362 838 410 
0.82800746 1238 358 1268 434 
0.8102563 934 360 954 418 
0.7956582 1184 345 1213 434 
0.77083856 836 360 853 406 
0.7129814 916 357 931 410 
0.70782566 1090 382 1108 431 
0.6946933 852 365 865 407 
0.64492583 1017 354 1038 381 
0.6428489 98 334 124 423 
0.5496106 955 356 974 416 
0.5044977 1076 385 1094 430 
