0.99740356 767 271 818 464 
0.99705577 517 267 584 441 
0.98733073 611 285 709 452 
0.9824934 1012 292 1071 429 
0.969056 1189 292 1244 452 
0.9601789 1060 286 1105 421 
0.95006573 892 271 921 355 
0.9330401 405 270 441 343 
0.92244035 856 272 874 337 
0.91523653 836 271 862 353 
0.9117593 318 268 356 338 
0.90535086 151 268 184 344 
0.88491255 261 265 299 343 
0.86717063 363 266 403 346 
0.80640596 815 274 832 343 
0.80281204 382 266 406 343 
0.7736306 707 281 725 325 
0.6729736 1255 293 1280 357 
