0.9956709 972 217 1113 467 
0.992034 1132 218 1226 477 
0.97562873 1217 243 1280 462 
0.9691648 843 270 880 373 
0.9456729 928 269 968 380 
0.943201 899 256 934 377 
0.9041308 691 299 704 342 
0.8325128 954 264 990 368 
0.80143636 1100 249 1169 434 
0.780445 829 272 851 372 
0.7507176 749 295 768 348 
0.74925447 722 297 737 340 
0.72577125 716 297 731 340 
0.6332515 738 295 751 336 
0.6255238 872 286 886 345 
0.62319547 761 289 776 344 
0.5827148 703 299 719 357 
0.5458347 802 298 838 379 
