0.9940404 1210 364 1279 551 
0.98230654 1041 358 1123 555 
0.9574724 860 370 893 447 
0.94178784 450 366 465 409 
0.9410433 1134 345 1204 542 
0.9409079 742 378 762 434 
0.91563815 246 352 269 416 
0.89463276 828 372 845 427 
0.88688266 338 358 360 422 
0.8685608 266 359 290 417 
0.86385006 321 358 343 410 
0.8142133 411 366 427 406 
0.7941445 303 354 317 403 
0.7875417 424 376 442 420 
0.75960064 238 354 255 414 
0.71674216 362 360 380 407 
0.63023895 447 366 458 407 
0.604225 280 354 294 413 
