0.9938553 1216 180 1279 358 
0.9747267 346 306 378 385 
0.96840996 51 312 105 454 
0.96515375 1034 231 1065 291 
0.9512869 296 315 323 386 
0.93421656 500 285 524 342 
0.91583526 972 245 986 282 
0.9094383 332 308 350 373 
0.90558404 529 280 548 345 
0.8899999 481 281 496 338 
0.8622897 235 315 257 383 
0.8622867 993 238 1011 284 
0.8519141 124 333 161 415 
0.8449816 685 270 702 327 
0.8337712 389 308 413 376 
0.824339 1163 197 1193 268 
0.82007235 941 247 952 275 
0.8188645 1015 236 1031 280 
0.8138065 962 245 973 280 
0.8089214 269 322 294 388 
0.8053849 554 280 576 342 
0.8032252 401 309 424 372 
0.80072004 590 286 609 337 
0.782359 422 303 447 357 
0.6853184 840 236 855 286 
0.6170128 579 289 597 337 
0.6086935 1146 202 1163 266 
0.60107815 1193 174 1227 353 
0.5767833 920 250 934 288 
0.574738 27 358 68 448 
0.5658991 433 293 448 334 
