0.9840104 106 195 178 404 
0.98351014 63 186 117 384 
0.9800851 0 155 72 409 
0.97559947 468 229 500 354 
0.96161854 288 207 362 403 
0.9557978 431 226 472 353 
0.9221167 711 224 787 399 
0.8529934 362 238 389 335 
0.83345544 622 275 648 348 
0.81896096 573 266 597 346 
0.810769 260 221 294 363 
0.80191267 609 272 629 347 
0.75091976 275 211 320 391 
0.74340594 647 203 717 406 
0.62011254 542 256 560 344 
0.6122655 583 600 600 646 
0.6062683 220 249 263 336 
0.5367943 151 209 189 359 
0.52195925 414 239 430 286 
0.51651603 401 253 416 281 
