0.9947254 745 316 865 564 
0.9932388 970 325 1077 540 
0.99200684 626 305 704 527 
0.9912034 33 295 105 579 
0.9824095 194 316 281 595 
0.9762105 314 339 395 515 
0.9677573 277 329 333 528 
0.9645059 528 309 615 547 
0.94290733 0 299 48 596 
0.93240666 909 370 943 457 
0.9167146 450 368 496 452 
0.89040047 489 316 575 544 
0.8848971 865 375 901 454 
0.8471644 1061 370 1083 436 
0.8383458 1038 370 1065 451 
0.8122418 935 374 975 457 
0.5192374 855 379 874 453 
0.51622015 419 367 459 449 
