0.9911827 240 264 280 342 
0.99083227 977 238 1037 389 
0.9555983 1041 238 1086 358 
0.93489 754 253 794 352 
0.9338484 687 240 733 376 
0.9202609 933 251 976 355 
0.92005724 813 260 844 352 
0.91770715 861 258 882 334 
0.91433924 878 254 908 347 
0.8980831 792 257 820 347 
0.8906426 1159 246 1201 366 
0.86974114 1205 244 1264 418 
0.84801686 1113 261 1161 412 
0.8088141 840 255 864 336 
0.79048866 917 248 944 351 
0.6549228 746 241 776 327 
0.5674974 1248 246 1280 378 
0.52777654 904 246 923 327 
