0.9515877 107 341 145 464 
0.9505353 976 372 1012 454 
0.909452 62 310 106 481 
0.89088464 1038 376 1075 437 
0.8859925 1115 389 1136 428 
0.88319266 411 349 436 410 
0.87924397 247 339 264 398 
0.84003264 41 315 71 470 
0.8146709 197 330 218 404 
0.80865407 289 337 311 396 
0.77398455 1203 389 1239 469 
0.7566676 1093 391 1117 429 
0.7376852 314 341 333 413 
0.7306991 439 351 458 414 
0.7297136 326 346 356 417 
0.64416 1129 392 1151 429 
0.5474624 271 337 288 386 
0.52316177 370 347 389 413 
0.5104064 326 342 342 418 
