0.99367213 1062 285 1163 503 
0.9797084 885 295 920 382 
0.9774265 96 318 118 374 
0.97212887 815 295 846 379 
0.9602363 925 296 957 381 
0.9520875 123 314 148 388 
0.9501033 715 309 734 358 
0.9395245 601 303 623 375 
0.9355871 36 320 52 381 
0.9345798 844 303 874 376 
0.93448716 161 315 183 366 
0.9316531 676 317 695 376 
0.9004042 780 307 814 377 
0.8885821 215 316 233 360 
0.88566434 196 314 213 362 
0.86348295 70 314 84 371 
0.85709316 0 308 12 378 
0.80139405 696 312 715 375 
0.7852387 49 317 73 381 
0.76880646 739 304 755 363 
0.6661995 183 319 197 364 
0.64664763 691 308 708 369 
0.5100058 640 311 657 348 
