0.9836376 1115 336 1168 464 
0.9833714 226 332 307 562 
0.9745083 1016 390 1035 448 
0.97210896 1042 383 1064 442 
0.96799815 1077 357 1115 455 
0.96133465 796 409 816 454 
0.9349131 82 436 100 484 
0.89489836 38 436 62 487 
0.88244224 99 435 117 484 
0.8819113 907 370 942 455 
0.85546243 141 428 156 482 
0.84020835 4 427 31 488 
0.82731503 67 440 82 483 
0.7726469 51 434 66 486 
0.7083786 904 389 926 455 
0.6671225 894 383 912 455 
0.64316714 128 422 147 481 
0.5109032 393 426 414 474 
