0.99683446 277 346 344 508 
0.9930228 466 342 525 473 
0.9872459 232 350 282 491 
0.9816782 63 342 158 521 
0.9781883 376 354 416 469 
0.9771623 519 356 558 461 
0.9668004 571 353 603 445 
0.9450558 639 350 670 448 
0.9405889 606 352 630 442 
0.9383645 11 343 69 511 
0.9271035 781 355 813 447 
0.91497123 837 357 886 450 
0.9072847 673 352 705 453 
0.8865854 740 354 761 424 
0.83176434 415 345 447 383 
0.79161555 55 344 97 493 
0.74855036 344 358 378 463 
0.74645966 560 351 582 443 
0.72989404 810 361 836 433 
0.6806125 414 345 448 450 
0.62312883 326 360 355 465 
0.6083661 0 363 23 441 
0.5721565 402 350 418 382 
0.55725545 670 357 691 452 
0.51234627 904 361 922 428 
0.5118998 448 361 465 384 
