0.99515235 473 387 552 561 
0.98820543 211 411 288 562 
0.9826565 634 402 705 544 
0.97651994 721 407 776 536 
0.9529528 1056 414 1077 489 
0.9427719 1034 413 1058 491 
0.93012947 562 415 589 478 
0.88300496 400 413 422 481 
0.88262963 5 405 67 530 
0.86999756 1115 420 1144 495 
0.8516664 373 417 399 497 
0.8381042 1022 417 1036 457 
0.83215076 1176 430 1236 573 
0.8312381 463 416 481 455 
0.8233794 185 415 215 489 
0.8222239 1078 410 1101 492 
0.81086206 1231 411 1272 578 
0.8055251 425 423 443 481 
0.7929183 322 417 352 489 
0.79026794 896 423 908 455 
0.7851847 911 417 923 455 
0.7811961 286 409 315 494 
0.78026193 142 417 166 451 
0.7526831 352 428 370 486 
0.74372154 956 419 977 477 
0.71947384 942 420 956 468 
