0.9906198 1192 267 1248 437 
0.9821514 189 285 244 384 
0.9785377 3 292 43 376 
0.9663974 1056 277 1078 337 
0.96585435 1135 270 1164 336 
0.9551273 83 297 114 369 
0.93791145 1027 269 1049 336 
0.91706437 333 291 350 350 
0.9123555 1077 269 1094 315 
0.8593131 286 298 305 355 
0.8449833 121 288 167 374 
0.8423526 1171 274 1192 335 
0.78858405 239 291 258 342 
0.7543715 145 280 181 370 
0.7168437 476 291 488 333 
0.61372393 307 294 326 349 
0.59121704 146 281 178 327 
0.5498736 114 297 131 370 
