0.9919751 855 414 901 541 
0.99189734 536 372 638 569 
0.97962576 1026 434 1078 582 
0.97123533 1078 427 1149 619 
0.9504519 669 401 692 468 
0.91232723 1166 427 1215 601 
0.90123546 908 430 949 551 
0.88697904 1206 433 1243 598 
0.83522075 766 417 786 477 
0.8248598 699 409 719 461 
0.81511116 651 402 675 467 
0.80176765 1232 441 1271 596 
0.76887023 777 420 802 479 
0.75605357 723 415 743 474 
0.71597093 1071 430 1108 584 
0.6751086 1134 425 1173 599 
0.57987636 833 418 854 475 
0.52036184 114 360 133 405 
