0.99543035 200 337 243 429 
0.98912084 820 328 852 419 
0.981143 863 319 900 421 
0.97261083 297 317 332 459 
0.9628409 381 332 409 419 
0.94748557 350 332 382 417 
0.9463303 1188 272 1244 348 
0.9460488 1050 329 1088 428 
0.9137024 1028 323 1059 420 
0.90421355 267 326 304 426 
0.89474106 933 272 1012 472 
0.8447992 900 268 958 469 
0.8269928 991 331 1019 421 
0.7739042 752 347 767 400 
0.719991 1162 297 1200 360 
0.6956586 0 323 33 397 
0.6661958 715 351 731 402 
0.526395 740 352 758 400 
0.5211856 51 339 74 387 
0.5198037 691 363 721 435 
