0.9894672 1 141 111 476 
0.98248774 701 256 785 460 
0.9778765 356 253 406 397 
0.9752269 549 259 601 382 
0.97233146 624 252 677 437 
0.97048575 1149 309 1174 371 
0.9651569 118 190 203 404 
0.9638857 463 260 513 384 
0.9505687 416 243 466 404 
0.9471643 1182 308 1207 376 
0.9462064 1033 303 1067 358 
0.93344 674 268 709 389 
0.9300002 243 215 289 380 
0.8980061 707 266 747 398 
0.8825198 509 262 544 360 
0.88149613 790 294 807 336 
0.78000194 1209 304 1239 377 
0.757954 97 208 132 375 
0.7426366 184 212 264 398 
0.72431606 606 259 636 336 
0.66790885 393 251 419 379 
