0.9934974 928 286 1025 483 
0.99107367 1167 271 1224 456 
0.96406275 997 276 1055 453 
0.96162856 803 310 851 449 
0.9597128 683 316 710 387 
0.9540943 846 286 892 413 
0.91916716 703 304 733 389 
0.9133487 1213 272 1255 406 
0.8924094 514 327 532 365 
0.8875167 914 280 948 429 
0.8715437 888 290 919 405 
0.8587761 1041 270 1084 412 
0.7626307 736 308 756 372 
0.7496062 1086 266 1132 398 
0.6761579 1235 268 1279 477 
0.65577793 1107 263 1143 397 
0.652113 765 300 790 364 
0.64408773 1079 265 1112 389 
