0.96958363 994 310 1053 454 
0.96325177 1101 307 1162 458 
0.8995001 753 314 775 367 
0.876144 1204 311 1272 477 
0.8743027 896 338 945 457 
0.8612477 802 306 826 365 
0.815817 789 309 811 362 
0.78628063 864 311 882 353 
0.74792093 1042 319 1097 453 
0.71160865 827 309 846 356 
0.6642355 924 318 1042 606 
0.5741817 811 308 833 363 
0.5726391 877 308 897 357 
0.56251496 835 310 854 355 
0.5583613 368 263 388 312 
0.50772375 668 310 682 342 
0.5034495 537 275 557 323 
0.5013021 73 327 92 373 
