0.9710081 728 325 764 413 
0.957304 757 328 791 412 
0.90905523 1111 305 1230 595 
0.8877671 465 314 487 369 
0.88344705 616 315 644 382 
0.8390864 1048 280 1142 508 
0.82063437 694 310 736 411 
0.78681314 961 290 1019 431 
0.7722495 651 316 684 395 
0.7673652 452 315 471 361 
0.75675184 779 297 877 536 
0.66363084 600 316 627 383 
0.6564763 769 290 841 465 
0.6486294 1003 288 1090 500 
0.6305786 1221 311 1278 467 
0.6106951 666 317 702 405 
0.5942971 419 315 433 350 
0.5671054 483 318 502 365 
0.50137866 545 311 577 388 
