0.94253474 198 379 235 468 
0.8855964 235 385 268 465 
0.8701039 1088 341 1159 514 
0.8698821 893 367 920 432 
0.8663002 982 325 1066 530 
0.8397067 845 364 873 432 
0.8101985 701 373 730 443 
0.77266544 771 377 794 434 
0.74572957 170 390 197 456 
0.7301486 106 386 133 454 
0.7133472 1016 313 1100 520 
0.68210864 787 373 812 433 
0.6775539 690 372 718 440 
0.6261022 819 372 842 429 
0.62273103 136 386 164 454 
0.5622004 1154 350 1199 460 
0.5430526 805 375 828 430 
0.5248551 834 362 861 427 
