0.94412446 244 228 315 403 
0.93703854 167 228 239 402 
0.9286547 81 232 129 350 
0.8978997 307 236 363 373 
0.8795977 2 207 96 436 
0.84079343 958 296 979 347 
0.8338483 612 280 633 330 
0.8315855 826 299 840 334 
0.8236191 1090 304 1111 355 
0.8147363 1079 301 1100 353 
0.8119945 1053 304 1074 355 
0.79077613 974 306 991 347 
0.7906201 1128 305 1151 360 
0.7668937 345 264 372 329 
0.76446575 599 281 618 328 
0.7641851 993 305 1011 349 
0.74502414 1007 303 1025 346 
0.7346253 812 299 826 333 
0.73264205 1169 308 1193 367 
0.7326024 586 279 607 330 
0.7161626 117 229 188 402 
0.6915611 727 292 743 330 
0.6823101 847 299 860 332 
0.6640557 1068 305 1088 354 
0.64649254 835 298 850 333 
0.6018578 985 302 1003 347 
0.57387465 239 262 264 324 
0.53884757 363 277 382 321 
0.5321895 781 294 795 327 
