0.9146782 18 234 57 330 
0.8864209 972 309 992 357 
0.88567555 1143 315 1170 379 
0.87682873 1105 313 1135 386 
0.8718803 320 267 344 325 
0.86712897 1017 312 1039 366 
0.82362884 311 270 327 311 
0.8001088 995 314 1013 357 
0.77843237 1062 322 1083 371 
0.7653778 1223 323 1253 397 
0.7131884 1239 321 1272 401 
0.700293 246 269 261 305 
0.6951595 352 274 368 311 
0.6840296 1162 321 1185 379 
0.66883886 363 273 381 319 
0.6647359 1075 315 1099 374 
0.6616352 92 244 129 332 
0.6535221 1211 324 1242 398 
0.63039136 217 267 235 309 
0.62585914 59 241 95 329 
0.60371685 1031 318 1052 370 
0.6036541 255 270 270 306 
0.57410777 1085 313 1110 375 
0.5520914 965 312 982 354 
0.54996157 51 258 80 328 
0.5462227 170 240 213 346 
0.5268236 345 272 360 309 
0.5262232 862 305 877 343 
0.5098135 844 300 862 343 
