0.9572002 795 322 826 399 
0.9339598 1155 292 1248 519 
0.9200408 928 324 959 397 
0.9114545 1005 319 1055 442 
0.88287055 1107 312 1156 431 
0.8712312 864 325 898 408 
0.8678627 820 315 852 395 
0.8669421 897 321 932 407 
0.8486724 1055 322 1101 434 
0.8467185 837 312 864 377 
0.824601 683 305 701 350 
0.79691577 952 316 984 394 
0.76405704 970 322 1001 399 
0.7453385 56 305 92 394 
0.7198789 652 309 666 345 
0.6770118 1026 320 1068 424 
0.67562395 616 308 629 340 
0.6755118 628 306 641 338 
0.6649668 548 315 579 391 
0.6360939 643 308 657 342 
0.6360022 1083 323 1123 421 
0.61745024 1127 304 1176 423 
0.55588096 146 315 177 391 
0.5188952 0 305 38 417 
0.5089537 660 306 675 342 
