0.9385391 42 254 111 422 
0.9277414 762 267 809 381 
0.92573696 952 264 995 368 
0.85423374 975 271 1012 360 
0.84885067 637 289 654 331 
0.84401935 895 287 923 357 
0.7945508 485 283 506 333 
0.77502936 0 265 41 378 
0.7293923 932 277 966 360 
0.71365374 851 280 878 346 
0.70849174 830 284 854 342 
0.69902945 822 285 845 341 
0.698591 465 285 481 323 
0.6934966 810 295 828 336 
0.6496369 877 288 902 349 
0.62658 1172 248 1236 406 
0.60287017 919 295 945 359 
0.601756 423 285 439 324 
0.5959041 867 276 895 345 
0.5897391 452 286 467 323 
0.5509146 1195 262 1258 414 
0.5396291 838 283 863 343 
