0.9147974 1246 287 1275 357 
0.89455825 1219 285 1247 353 
0.89129674 632 288 658 351 
0.87637657 355 261 445 482 
0.86009747 1166 287 1186 335 
0.80761105 576 286 601 347 
0.7902538 1199 290 1215 329 
0.7902142 306 260 370 416 
0.7613315 1085 294 1110 354 
0.7583288 586 293 609 348 
0.7504759 136 266 214 455 
0.7404675 1179 291 1197 335 
0.726443 557 285 582 346 
0.7069457 662 298 679 341 
0.6966656 1213 287 1230 328 
0.6861001 611 290 634 347 
0.64666617 619 291 642 347 
0.64118654 1065 286 1091 351 
0.5707106 681 294 704 350 
0.5587152 566 287 589 344 
