0.9563786 577 372 616 467 
0.9045318 845 379 878 461 
0.8869591 1166 371 1232 530 
0.86308926 63 367 102 460 
0.8053497 810 389 833 445 
0.7846614 823 393 845 446 
0.76853573 18 371 40 425 
0.7476456 888 374 925 466 
0.7454008 622 375 662 471 
0.722009 771 386 795 444 
0.70343757 713 382 750 473 
0.67766577 9 372 32 428 
0.6711041 932 380 971 477 
0.64198625 336 371 369 452 
0.629246 789 388 816 452 
0.60894525 1064 379 1104 478 
0.5904701 799 389 822 445 
0.55320764 728 384 748 434 
0.54612184 164 365 196 445 
0.5176342 318 357 358 454 
