0.94413656 256 327 297 428 
0.9387109 967 355 999 434 
0.8730995 835 360 854 406 
0.8646381 876 345 914 438 
0.8636583 801 361 821 411 
0.8595646 818 358 838 408 
0.8561946 913 358 934 409 
0.83859175 848 366 864 406 
0.8370763 777 358 798 409 
0.82400686 1091 353 1122 431 
0.8144773 1137 349 1170 429 
0.8006482 281 338 317 424 
0.79154545 1178 346 1215 437 
0.779007 1106 347 1144 441 
0.7583918 380 349 403 406 
0.7510791 1210 348 1244 431 
0.7130667 108 289 185 477 
0.6895761 951 355 979 423 
0.6568757 91 343 124 423 
0.6337068 1247 341 1278 436 
0.6212021 901 359 924 413 
0.5938635 931 361 949 406 
