0.90839005 824 371 848 429 
0.8860513 866 372 896 445 
0.8805375 274 355 297 411 
0.85651046 739 373 764 433 
0.84540004 342 358 362 409 
0.8452729 362 361 381 406 
0.8415847 244 352 270 415 
0.8398394 300 354 321 407 
0.8221453 450 367 468 410 
0.8211198 1038 347 1122 553 
0.80828017 262 359 285 415 
0.80783075 320 358 341 410 
0.80722874 411 363 429 408 
0.77531725 351 361 369 405 
0.7653406 1210 370 1278 548 
0.63595504 440 367 456 406 
0.63564795 236 355 261 416 
0.6355715 424 372 443 418 
0.5345691 860 377 880 428 
