0.9005416 344 305 377 383 
0.8939415 328 308 355 374 
0.8938283 382 300 413 376 
0.87207437 502 288 523 339 
0.841375 996 238 1014 282 
0.8345321 46 314 103 452 
0.8262985 971 240 987 279 
0.78771937 1038 236 1061 290 
0.7834522 477 283 499 337 
0.7610012 294 316 321 383 
0.7496881 400 311 423 366 
0.726121 527 282 550 338 
0.6911673 269 324 295 387 
0.6866676 1011 237 1027 277 
0.66402614 1016 239 1032 279 
0.65160483 590 273 615 336 
0.63195723 120 330 157 419 
0.61858547 426 296 451 356 
0.59509933 279 326 302 385 
0.57236254 428 316 446 360 
0.5369201 553 281 574 333 
0.50606614 583 277 606 332 
0.5005803 609 279 630 330 
