0.95615643 883 294 919 383 
0.95494616 815 295 850 380 
0.9410998 922 294 958 382 
0.9255442 33 318 58 379 
0.91687 97 319 119 373 
0.9106849 162 316 182 365 
0.9087286 194 315 213 361 
0.90441203 844 304 874 377 
0.90362895 118 313 148 386 
0.8470538 715 310 734 356 
0.8424235 215 317 232 358 
0.81900316 695 312 719 370 
0.80050445 686 308 710 368 
0.7904334 0 307 24 380 
0.77104294 65 315 88 373 
0.7601413 180 320 198 362 
0.759746 1078 292 1162 497 
0.73814523 780 308 808 376 
0.7110565 675 316 699 377 
0.6848929 47 315 73 378 
0.6594732 638 312 663 375 
0.6220334 599 303 628 373 
0.5696174 732 301 755 359 
0.5641862 536 265 568 344 
