0.9933252 1099 165 1175 353 
0.98797256 298 146 359 283 
0.96198356 123 176 159 250 
0.9526198 379 191 407 262 
0.93753004 224 204 240 246 
0.9261963 551 201 575 263 
0.91628516 1067 202 1097 278 
0.8818083 447 193 465 244 
0.8653554 193 203 214 252 
0.8425715 1179 195 1216 276 
0.83513844 1043 202 1065 250 
0.8332092 499 193 522 257 
0.8162978 475 190 500 242 
0.7923097 158 212 178 250 
0.78902584 579 210 590 241 
0.78534 358 201 379 245 
0.72951144 621 209 634 241 
0.72268784 897 198 913 224 
0.6483199 1173 192 1192 260 
0.6187656 1055 198 1071 248 
0.55974215 601 213 615 242 
0.52674633 643 212 654 240 
