0.99746597 971 302 1146 630 
0.997214 1129 269 1248 602 
0.99696356 365 285 523 587 
0.9921495 303 271 410 482 
0.98987913 941 302 1015 488 
0.98844457 581 260 676 523 
0.97501194 491 261 611 525 
0.96902865 1234 301 1279 522 
0.96276325 43 285 69 341 
0.9607899 764 252 856 529 
0.94883335 15 287 39 339 
0.8760117 1004 255 1093 420 
0.84227294 112 288 130 315 
0.83540004 296 293 322 361 
0.82541233 83 291 107 321 
0.78883433 1105 320 1141 501 
0.76179135 67 293 94 324 
0.51579905 308 300 324 361 
