0.99750036 200 295 315 595 
0.9966118 864 265 942 464 
0.9959559 60 259 167 617 
0.995269 657 280 782 520 
0.9917778 796 283 848 416 
0.977806 751 302 801 486 
0.9694045 505 284 637 568 
0.96572644 979 292 1010 373 
0.9642434 0 300 76 615 
0.9615999 375 287 427 497 
0.95459515 419 292 484 500 
0.9400733 1025 291 1062 387 
0.93568856 151 292 217 535 
0.8965482 1069 296 1089 359 
0.8951673 1085 285 1112 382 
0.87706494 941 298 963 373 
0.8508612 483 296 521 457 
0.8389108 336 280 384 459 
0.83861953 1128 270 1256 386 
0.82963675 613 292 661 447 
0.8175114 1005 291 1023 371 
0.8096978 774 290 797 349 
0.78482246 522 273 587 471 
0.7514876 314 279 357 452 
0.7241493 951 298 976 373 
0.7071428 707 290 797 510 
0.69090146 561 297 652 559 
0.67875975 1056 290 1071 359 
0.5682004 631 276 658 418 
0.5579939 517 292 554 466 
0.5239078 1129 273 1193 379 
