0.9973381 965 353 1053 587 
0.9942768 423 324 499 520 
0.9928283 85 289 145 481 
0.99079835 512 326 587 530 
0.98957646 316 311 378 493 
0.9873028 208 291 255 422 
0.98327535 763 448 894 695 
0.9816774 137 295 204 476 
0.97250336 634 359 690 516 
0.96001244 1141 414 1169 479 
0.9405933 845 350 940 541 
0.9237593 575 348 636 504 
0.9058792 0 280 51 355 
0.8930104 698 343 770 554 
0.8290091 362 311 390 438 
0.8153142 748 342 796 472 
0.7855835 716 404 861 665 
0.7832048 572 333 607 491 
0.7782962 1224 426 1248 485 
0.72601366 395 313 441 445 
0.71955705 1192 425 1214 480 
0.6907544 814 361 857 431 
0.6195657 1093 414 1114 435 
0.5913714 490 326 537 492 
0.58065385 264 298 293 402 
0.5566067 1129 411 1147 476 
0.53628886 1253 427 1274 485 
