0.9985493 18 256 130 638 
0.9976223 165 253 289 671 
0.9956073 1033 343 1237 709 
0.9901938 669 314 815 696 
0.9886486 312 318 399 618 
0.9886286 818 336 885 612 
0.97833186 386 385 469 607 
0.969361 450 298 605 699 
0.9593478 259 312 319 530 
0.9574674 517 309 661 684 
0.9529821 787 327 844 621 
0.95039636 902 403 924 462 
0.9406514 610 318 676 554 
0.92245305 1010 337 1072 578 
0.88757014 1026 345 1092 603 
0.84410644 977 409 1004 470 
0.823997 968 406 987 464 
0.8176715 1233 411 1280 598 
0.81338114 946 392 974 467 
0.7569163 616 326 750 660 
0.60199505 406 324 486 444 
0.5905382 1189 401 1237 543 
0.5741473 352 314 398 447 
0.56275916 0 297 44 500 
0.53727776 308 315 352 405 
0.5273553 444 328 489 448 
