0.99708885 1053 248 1118 389 
0.9965804 1142 236 1239 432 
0.96630603 232 291 252 340 
0.96381545 1029 277 1051 337 
0.9471838 269 230 357 465 
0.9171164 16 300 36 350 
0.9131908 200 292 219 341 
0.9079199 297 230 354 371 
0.9044342 823 279 841 329 
0.8915859 919 280 938 336 
0.87981147 954 282 968 334 
0.8728326 874 284 891 328 
0.87172735 974 276 991 335 
0.85142916 911 278 932 336 
0.8141386 1002 278 1030 334 
0.8126638 1053 280 1072 335 
0.7811392 350 291 365 334 
0.6783862 143 291 164 347 
0.6578624 171 291 192 343 
0.6165095 967 277 983 333 
0.5568796 907 281 920 335 
0.5393573 944 282 954 331 
0.53737134 267 289 280 336 
0.5309956 848 287 861 324 
