0.9943145 767 310 799 384 
0.990319 222 274 295 467 
0.9899524 0 252 60 481 
0.9875854 138 265 186 409 
0.9832585 484 300 511 379 
0.97455513 181 279 230 434 
0.97410303 659 315 673 356 
0.9712089 38 248 89 460 
0.91779554 304 290 333 368 
0.87487787 402 301 428 376 
0.86342394 458 301 479 369 
0.77132523 278 288 300 380 
0.762181 916 335 926 364 
0.75842166 566 314 578 340 
0.7002388 436 302 458 375 
0.6844449 112 277 135 338 
0.68059653 800 328 816 360 
0.66027063 527 333 563 367 
0.6459294 343 301 363 368 
0.6269398 370 298 389 367 
0.6248432 358 290 374 366 
0.6091482 385 304 409 364 
0.5776473 360 288 374 334 
0.5297865 918 328 934 366 
0.52148217 330 297 349 360 
