0.99698466 958 270 1040 484 
0.9914056 362 281 434 432 
0.97511035 428 281 475 403 
0.9710047 773 279 846 493 
0.96983665 694 278 722 368 
0.9258146 734 286 762 365 
0.91359407 471 335 499 400 
0.9118415 164 276 218 405 
0.88337153 579 289 619 366 
0.8581867 538 291 611 367 
0.8442908 609 284 639 361 
0.77033234 901 304 914 337 
0.7656421 916 299 935 338 
0.71581334 851 296 869 349 
0.64802814 759 282 796 357 
0.62374586 721 294 735 358 
0.6187173 518 284 550 370 
0.57637125 882 302 895 338 
0.5734355 804 267 857 428 
0.5168203 609 278 637 327 
