0.997755 1200 237 1242 339 
0.99719465 945 195 1043 453 
0.9967513 335 204 427 455 
0.9960849 505 176 621 475 
0.9947431 209 188 336 459 
0.991405 646 194 728 456 
0.98875284 1046 232 1093 367 
0.97667027 449 219 497 358 
0.9730812 750 217 817 375 
0.9705259 898 221 944 368 
0.9430074 204 203 238 310 
0.9295914 1086 228 1116 344 
0.8879695 716 233 761 368 
0.8839314 626 221 661 347 
0.7605681 320 206 349 253 
0.7451468 823 233 849 266 
0.74039775 501 219 532 342 
0.7187808 486 222 504 306 
0.65150017 604 217 637 354 
0.6438374 423 220 462 354 
0.62258244 314 203 347 340 
0.5864163 942 261 962 345 
0.5585695 8 222 21 256 
