0.98579305 400 330 466 500 
0.9837247 1042 367 1104 562 
0.9794404 96 332 169 494 
0.97505516 1186 361 1279 567 
0.97183573 684 350 729 461 
0.96854657 728 332 823 460 
0.9634442 352 352 389 468 
0.96293706 46 353 89 488 
0.962478 182 349 220 484 
0.96069664 544 341 590 488 
0.9449213 255 334 307 485 
0.9293949 311 356 364 479 
0.87455726 154 127 217 243 
0.87370604 581 321 616 483 
0.8713915 13 354 41 437 
0.85009557 932 349 985 511 
0.8324287 450 339 483 474 
0.79801846 485 350 522 457 
0.78098774 230 353 263 457 
0.7714045 304 358 337 473 
0.76339704 629 347 664 453 
0.7236638 155 365 177 439 
0.7101077 536 345 569 460 
0.5932907 951 252 975 287 
0.56271803 964 357 993 485 
0.5249534 0 347 25 439 
0.519199 917 364 959 519 
