0.9975078 1062 325 1140 506 
0.98659337 735 352 760 434 
0.96156746 864 343 898 439 
0.958692 784 354 800 407 
0.95850813 191 358 215 413 
0.9415719 143 366 170 444 
0.9354759 276 359 291 406 
0.9326406 260 357 278 407 
0.9288412 685 349 701 396 
0.90633154 1153 367 1201 467 
0.88573784 219 361 239 407 
0.8797596 241 355 262 403 
0.87924016 768 358 785 408 
0.87810564 1243 324 1279 505 
0.8669302 848 352 873 431 
0.81417763 660 352 673 398 
0.5999757 152 366 170 417 
0.5960454 847 359 865 417 
0.5697505 621 360 650 431 
0.5433417 152 378 174 440 
