0.997687 1096 302 1224 598 
0.9964451 798 301 861 530 
0.99048156 1045 285 1131 519 
0.9767041 466 312 485 368 
0.9724921 1221 315 1279 460 
0.97155386 730 325 760 414 
0.96759665 599 317 624 386 
0.9610006 993 306 1045 474 
0.951317 955 297 1005 437 
0.9275448 761 326 790 414 
0.91227317 440 318 456 362 
0.8893957 1018 300 1073 502 
0.8783686 27 312 46 357 
0.84168804 701 311 731 413 
0.8266942 49 315 65 338 
0.8115632 620 317 640 374 
0.79667974 523 306 558 415 
0.74196064 654 316 684 414 
0.7296955 515 307 546 378 
0.6981695 676 316 698 409 
0.68744075 455 314 467 363 
0.67728436 549 311 581 365 
0.67196375 203 285 220 330 
0.6442044 782 326 811 456 
0.6062779 967 291 1008 348 
0.57918286 482 315 506 370 
0.54423714 740 655 767 704 
0.5342345 649 319 665 360 
0.50728846 227 291 244 333 
