0.9975419 1009 239 1063 405 
0.99701667 723 268 781 428 
0.99650806 850 261 924 433 
0.9961738 940 226 1014 415 
0.9780742 1201 202 1279 496 
0.97550327 7 321 61 425 
0.973081 643 286 674 369 
0.9556792 811 272 853 407 
0.95193 488 311 511 374 
0.9484704 593 295 615 361 
0.9437787 563 303 587 365 
0.9200006 780 281 826 414 
0.9131357 1167 182 1239 376 
0.88614 528 308 549 365 
0.8446388 503 310 525 369 
0.79802036 457 312 475 356 
0.725078 468 313 490 362 
0.6395153 434 310 451 329 
