0.9963458 451 236 572 463 
0.99495476 158 68 340 529 
0.99209327 629 257 740 472 
0.98579365 858 264 907 395 
0.9846762 350 229 419 445 
0.979861 1089 271 1138 459 
0.97889704 1212 254 1273 445 
0.97682285 402 229 469 414 
0.9651181 1019 273 1078 425 
0.9528711 818 268 880 412 
0.95133454 0 203 41 413 
0.9509656 60 227 111 373 
0.9326817 1122 283 1196 473 
0.91068625 112 232 149 367 
0.8913055 704 260 744 348 
0.8382155 138 235 180 362 
0.8091035 996 272 1027 345 
0.75110465 575 275 608 368 
0.69835055 746 265 775 333 
0.6892478 626 255 661 335 
0.60210305 1180 281 1202 340 
0.5562144 732 326 826 417 
0.5495521 1064 284 1084 364 
0.5142984 46 223 82 372 
0.50833297 144 229 180 296 
