0.9828181 673 292 705 366 
0.9818828 490 264 526 370 
0.9814879 269 243 322 381 
0.9713236 79 194 207 438 
0.96670234 315 241 358 377 
0.96373206 363 238 408 379 
0.9534777 873 291 910 371 
0.94743097 639 294 671 365 
0.9356034 426 233 482 379 
0.9085951 1199 280 1241 375 
0.90282893 843 290 877 366 
0.8781776 597 286 615 353 
0.8781565 903 300 939 371 
0.8557033 411 244 442 373 
0.8378001 538 287 558 351 
0.8168968 1125 285 1152 376 
0.8051485 1147 292 1185 376 
0.7981787 750 290 786 361 
0.7973881 570 289 591 351 
0.74842256 11 203 123 435 
0.7482869 211 265 239 372 
0.730834 218 335 308 438 
0.7209484 1104 281 1131 366 
0.67018735 621 296 638 353 
0.663713 996 291 1020 353 
0.6464587 545 295 564 350 
0.597105 564 288 583 349 
0.5592472 1041 283 1077 360 
0.5179196 578 288 598 350 
