0.99470854 998 327 1057 528 
0.99411064 1095 339 1152 522 
0.9916721 198 381 233 470 
0.9874434 236 386 263 464 
0.98637724 1155 350 1201 454 
0.9845879 695 373 723 447 
0.984125 1042 313 1105 533 
0.9806013 898 364 919 432 
0.9760193 844 368 876 435 
0.9664092 131 385 158 470 
0.93670696 163 390 197 458 
0.9271639 110 385 128 455 
0.85532016 796 369 813 432 
0.85368556 774 374 792 440 
0.81781006 924 375 947 432 
0.791788 821 369 840 430 
0.56522644 145 385 162 454 
0.5278577 809 369 824 430 
0.522423 694 375 710 445 
