0.99757916 5 207 88 437 
0.99581796 251 226 316 407 
0.99483055 307 232 365 371 
0.9913235 179 232 232 408 
0.9911622 122 240 179 405 
0.9702993 86 233 125 352 
0.9651732 1167 309 1191 365 
0.95635843 1052 303 1073 355 
0.94968045 615 281 635 330 
0.94726604 728 292 742 333 
0.94310236 602 283 617 330 
0.9354454 1093 303 1107 355 
0.9272793 827 298 839 333 
0.8970217 779 293 792 329 
0.8967136 1010 303 1024 347 
0.8841181 1082 303 1095 353 
0.873006 958 293 978 347 
0.86887604 1128 304 1148 360 
0.8282863 812 299 824 334 
0.816615 995 304 1008 347 
0.80821645 241 260 259 323 
0.79387224 848 298 859 334 
0.7572684 1070 306 1083 354 
0.7454509 838 297 847 333 
0.740205 974 302 987 346 
0.6933778 941 286 956 319 
0.6647953 980 304 991 346 
0.6523653 991 301 1001 346 
0.63333863 1109 303 1120 352 
0.6242101 1188 306 1204 364 
0.57361877 591 285 608 330 
0.55686176 868 295 880 320 
0.5509285 356 261 371 329 
0.51379544 1066 303 1099 354 
