0.9956381 245 256 311 460 
0.9866599 21 228 61 332 
0.9724802 180 243 210 339 
0.9647271 1144 312 1167 379 
0.953425 972 308 991 357 
0.94621664 103 243 121 325 
0.9407376 321 267 343 326 
0.93718636 1060 318 1083 372 
0.9338041 1109 316 1133 385 
0.92498666 995 316 1011 358 
0.90006447 67 244 87 330 
0.8722042 1018 314 1039 368 
0.8718566 359 270 381 317 
0.86200607 1217 320 1247 405 
0.8618737 1253 300 1280 405 
0.8013799 1084 317 1103 374 
0.77569157 846 299 865 343 
0.7739133 743 300 755 335 
0.76948714 1098 316 1113 376 
0.754692 964 310 980 359 
0.7438719 709 298 721 325 
0.7337821 54 273 75 330 
0.7276251 722 299 734 324 
0.6980833 1030 313 1048 367 
0.6975134 747 301 759 336 
0.6750804 1164 319 1184 378 
0.6340864 674 294 686 324 
0.6083936 1210 326 1236 402 
0.60661 1242 321 1269 405 
0.5972623 353 272 366 312 
0.5779791 857 304 871 343 
0.5460405 738 300 747 330 
0.53344315 729 299 739 324 
0.52120614 792 303 804 337 
