0.99790585 21 368 83 523 
0.9912408 269 362 289 426 
0.9853491 1239 355 1277 471 
0.9812107 897 364 920 422 
0.9783466 1029 360 1058 437 
0.9751608 96 362 132 468 
0.955119 828 364 847 412 
0.940653 336 371 353 413 
0.9295505 940 347 966 409 
0.9040429 1075 354 1093 435 
0.8921591 803 368 816 406 
0.88754636 846 359 858 402 
0.7668951 1099 343 1125 439 
0.69735956 1116 347 1155 438 
0.6752813 1082 347 1113 439 
0.6394358 928 349 945 405 
0.62397844 300 364 320 423 
0.57940054 317 376 334 421 
