0.99735594 696 342 767 490 
0.994816 1153 370 1199 548 
0.992416 618 347 677 488 
0.9910958 876 357 959 526 
0.9282444 30 318 72 403 
0.92788815 1021 359 1075 508 
0.9037335 0 290 29 454 
0.87844676 991 356 1039 492 
0.8619827 1074 357 1112 494 
0.8577143 803 356 840 465 
0.85208505 1118 357 1165 462 
0.77762127 600 344 616 395 
0.741338 587 347 601 393 
0.7260193 551 343 565 368 
0.7135888 492 355 518 416 
0.67512196 792 352 806 427 
0.5756271 340 370 375 410 
0.54969275 742 350 768 416 
0.54440856 574 347 586 381 
0.51978177 478 338 492 368 
0.50798094 1104 364 1133 476 
