0.90847045 793.59296 287.39105 848.04315 415.95123
0.9032381 206.08604 325.71356 322.74664 614.3088
0.87392706 454.11694 284.1839 527.5685 463.3791
0.8552194 495.09613 285.47668 568.05145 464.7096
0.85349524 402.22174 283.9316 486.96783 489.94064
0.8472701 1.2944946 325.87018 115.60382 629.5532
0.82965374 108.709015 302.38193 224.91687 587.5255
0.81243575 668.9456 283.48026 765.5528 511.93155
0.812086 34.52317 306.15457 164.00992 630.46106
0.80074996 724.33466 290.16592 812.7537 498.61368
0.7725162 358.834 282.00107 446.5997 494.76248
0.7247373 978.3898 294.58264 1010.94495 372.7937
0.6753606 601.86993 267.32874 677.54315 448.9662
0.6705923 520.8512 276.43024 605.8114 482.87866
0.6090249 1026.2959 290.94275 1065.1729 382.82617
0.5218163 929.5372 291.01242 963.91705 373.29184
0.50301445 319.19788 267.4747 391.00482 445.6415
