0.8959529 636.5055 356.86212 700.5182 513.581
0.8850496 960.38165 347.42734 1056.7264 579.7685
0.8277497 439.56006 326.97296 514.132 505.64758
0.799207 206.18916 292.18976 260.1109 421.9632
0.78010315 304.33627 300.4983 384.9747 491.6286
0.76403487 71.47856 279.05157 154.35051 479.59857
0.69439226 511.43323 329.67572 589.3104 510.97858
0.6846064 130.08455 293.88144 204.47191 478.05453
0.67931736 590.1749 354.5131 652.0714 506.98148
0.5965059 0.0 266.75735 68.572556 452.73587
0.50738543 785.10156 469.12103 897.6914 712.767
