0.88545996 15.446976 289.7138 148.78938 632.0524
0.8730158 152.97562 287.05603 309.56702 676.12744
0.8643605 456.859 332.5248 611.0791 705.84546
0.801228 789.1094 365.82385 899.42883 634.97534
0.7971242 303.7962 340.9374 429.13885 646.64343
0.7741927 251.7678 317.98764 328.82922 501.07748
0.7389117 666.86084 360.8117 810.8644 707.0247
0.7046628 412.75128 359.02222 539.634 664.0113
0.6887868 379.9506 357.03046 491.90518 637.24854
0.6777337 519.3131 343.586 643.83325 651.8025
0.6375203 733.57074 355.80695 854.1945 651.3126
0.62907434 982.2231 409.56244 1008.502 472.78723
0.541371 1000.5347 356.52063 1112.1031 626.2166
0.53566265 966.65704 406.6206 993.5878 470.77887
