0.903195 363.70117 342.59637 470.41315 609.8814
0.9010711 967.4958 325.52997 1056.7291 541.28577
0.89986426 818.5796 276.6103 969.21814 645.8824
0.8574862 642.8045 296.72174 747.42303 547.265
0.8186852 484.56247 344.20218 515.13385 417.321
0.7935959 323.386 341.8085 437.2044 612.4055
0.79327464 779.5841 310.61365 875.6682 539.1402
0.7373974 720.2943 312.57507 812.5 537.6162
0.71344835 747.8226 336.941 845.76715 566.31805
0.6678185 23.80731 350.71835 54.265152 422.94766
0.59524935 474.22025 348.2088 500.10373 409.89087
