0.90663373 13.62529 201.83286 88.07909 381.63657
0.8904703 1207.1711 227.25525 1277.1992 395.39087
0.8508522 1079.3514 224.43488 1146.7921 387.7182
0.808308 1143.7769 210.42505 1231.8003 423.6109
0.7705588 1028.1086 243.86673 1058.2156 315.0914
0.7565974 356.9071 226.8534 386.5406 297.3463
0.73358166 283.73102 224.12793 319.6139 311.06714
0.68301594 375.343 235.36276 401.9523 298.91592
0.60738534 489.07715 239.85664 510.9754 291.88443
0.5458642 266.03015 228.93378 296.12842 300.19495
0.5022462 456.27432 232.9429 478.6489 286.78848
