0.91237706 179.36304 278.17618 245.95837 437.19266
0.8652122 137.42781 265.5761 196.89192 411.95374
0.82050306 11.78532 243.44571 98.396576 459.36563
0.8197588 216.61209 272.7116 294.13397 460.03967
0.7930828 766.2759 308.15286 795.1581 380.35696
0.69205534 480.6085 299.13303 514.1446 378.60544
0.6589086 345.0597 290.31714 376.66315 367.45868
0.65766156 305.30826 288.33243 337.05472 362.27377
0.61807597 0.27505684 255.98822 58.411385 479.40308
0.5875231 401.15967 301.90802 431.70776 373.42694
0.57418114 362.98514 291.62683 394.13943 365.75122
0.5308018 375.6614 292.73038 404.37808 361.05002
0.5004752 111.93435 274.77835 141.10147 345.3726
