0.93814033 891.80334 223.22926 951.85156 366.33374
0.9139667 1041.62 231.59067 1099.1669 368.62723
0.8840072 500.36267 209.5921 622.14014 501.80432
0.8705043 1201.4642 237.65709 1244.2628 338.7614
0.8644961 941.49506 198.78128 1046.8156 453.82358
0.8572261 421.3691 219.47412 474.1998 348.8343
0.8323055 442.7888 216.43895 500.62668 356.83472
0.8050849 329.11703 202.17804 438.37204 459.8604
0.771414 235.38686 221.85867 343.63678 488.00333
0.69324803 748.576 215.82703 810.96075 370.16492
0.6751912 626.6921 237.5162 728.7714 475.76852
0.62737495 713.8139 223.49532 776.055 375.07886
0.59859663 1072.0234 223.69899 1122.051 340.25696
0.5257045 474.06314 223.6996 517.17883 327.8614
