0.9035651 175.00934 350.30435 228.63669 479.45743
0.87418276 255.35861 334.5097 316.1434 485.04834
0.8693011 400.49863 331.9051 467.97598 495.28717
0.8104678 479.9309 349.93546 526.1189 459.79758
0.8057043 1027.7301 348.72165 1111.6813 553.0633
0.7765912 7.241068 349.8174 43.899452 439.42197
0.74390733 320.10666 352.89636 370.8101 474.04407
0.71212816 302.66592 362.84857 344.5015 461.37152
0.6960833 104.71688 338.43948 163.94888 484.79843
0.6839383 428.8128 336.62857 489.22675 485.4761
0.6648372 341.5914 357.8134 386.23373 466.87595
0.64900136 542.27313 340.34818 603.59467 489.87314
0.6046708 227.95049 354.67178 270.46628 456.56607
0.5818271 192.77986 357.46805 238.36702 465.88535
0.5624217 132.64258 355.63773 174.07614 453.49265
0.56111526 88.08603 350.73517 142.1416 479.95953
0.53828377 149.47792 365.92456 181.2646 442.63483
