0.89020663 1061.0216 324.73984 1135.7487 506.09402
0.6835915 218.82394 359.32745 239.76071 408.8153
0.6344769 849.0035 353.4053 882.59125 433.2665
0.628176 731.37476 351.06918 765.42615 432.4155
0.6102247 191.01431 357.0183 213.74466 411.88684
0.59871083 240.98125 355.963 262.0996 404.5808
0.57949483 1155.1779 370.37756 1197.5717 473.47736
0.5758709 258.77753 357.58405 280.43646 408.78223
0.5738923 682.8536 350.29465 702.8215 397.6586
0.5688562 1233.8336 325.25555 1279.0 492.23425
0.5300917 861.9174 341.79593 902.7298 441.12003
