0.90318304 1160.9374 292.5559 1230.6224 460.77252
0.90074617 226.6433 326.46167 259.86774 405.35327
0.8947586 5.0946045 155.96275 171.9375 593.506
0.87420285 961.97107 301.1496 1016.5596 429.9478
0.86213946 1082.8395 293.64233 1146.1246 447.80432
0.85215634 993.1205 286.18246 1059.1749 451.01834
0.8486702 250.22998 325.93546 283.9655 405.2482
0.80340445 1205.1428 285.6186 1279.0 475.62323
0.7349963 751.5731 311.89563 794.9402 414.71887
0.687922 859.5322 323.6383 898.0404 417.78766
0.6266482 884.2061 315.61472 923.446 406.14755
0.59965634 601.7703 325.96036 637.6193 412.356
