0.88173115 428.2209 358.85165 461.94885 437.67532
0.85933185 459.58365 361.98083 490.27347 436.0971
0.82445556 210.70781 366.9218 242.05293 442.54144
0.80805904 380.01932 355.61203 415.3403 441.05368
0.8069866 356.46463 363.9087 389.46335 443.10925
0.770098 403.5521 362.1743 434.73947 437.19266
0.7483591 1046.2095 334.67795 1109.1033 484.6851
0.7305156 315.07053 360.60428 350.53793 445.3464
0.72952634 228.94711 366.2658 259.79068 437.85944
0.7237554 334.15045 361.73672 367.50177 443.18185
0.68070257 1083.318 335.12613 1139.7091 471.1824
0.5378319 477.9189 362.7464 507.918 433.10748
0.53098994 1000.8524 338.99185 1060.9081 487.32053
0.51362 172.24396 360.94177 206.86111 443.9469
