0.92746896 1108.7556 332.2544 1227.1809 621.7452
0.8981729 1225.4999 316.61676 1279.0 458.7743
0.89406735 727.56866 325.24713 765.46735 413.96124
0.8651847 773.39496 293.92618 867.5726 523.01904
0.83349836 756.7242 328.82422 792.8587 413.67822
0.7971605 958.4847 292.0028 1018.04 435.00507
0.7885725 662.9165 310.83585 703.2793 407.02188
0.7883361 1048.6267 290.43832 1141.0227 515.609
0.7635415 1016.62354 282.43045 1110.928 509.30685
0.74218684 992.78296 305.8852 1063.1824 478.87415
0.6815008 652.09576 312.24222 688.09515 398.6603
0.67423576 462.94647 310.9582 487.96802 371.24817
0.66428745 614.6587 317.38297 642.54346 383.13095
0.6455186 693.55133 310.8018 736.2652 413.439
