0.94009024 849.3753 258.8534 919.262 428.87415
0.9296847 724.5729 261.60284 789.2948 424.63898
0.9146643 773.9767 281.3627 828.4133 412.62845
0.91365975 997.05505 239.15231 1062.5284 398.5106
0.88433474 947.50397 224.2421 1024.4489 410.57895
0.8781071 804.8573 273.80276 858.104 400.68863
0.7975356 592.8175 294.09747 619.76575 359.63812
0.69065624 643.7216 283.49945 676.5887 362.49976
0.65866435 563.3523 302.28503 588.3987 362.03046
0.61545265 1188.6166 231.29138 1279.0 528.05414
0.57301253 489.34894 315.66867 511.33533 369.40768
0.54707646 0.0 321.37238 80.468544 525.40424
