0.86606234 487.9663 261.76703 533.9784 371.9732
0.843831 360.5695 237.7167 418.3325 377.56973
0.84347796 309.27267 237.50574 366.7856 378.69952
0.82509637 414.54932 244.58331 467.2024 374.90417
0.7088348 532.8214 282.37027 562.942 354.35538
0.6289573 591.3031 285.982 620.2621 354.32172
0.5572891 453.61053 263.54004 497.352 371.84448
0.5443738 1203.5895 278.53732 1245.764 380.01437
0.53067666 335.1367 258.10974 382.06802 369.8623
0.5175605 610.0805 281.7768 639.6313 353.84302
0.5099285 643.6298 292.39825 673.8233 364.12885
