0.89825577 983.69696 321.1393 1065.4749 522.87585
0.89077455 195.81772 377.59915 234.8859 471.15524
0.8351742 1022.2144 310.53915 1112.5914 528.4846
0.83191967 1080.653 337.9417 1157.8326 523.7054
0.79886883 168.11938 389.4309 198.15848 461.3744
0.78829235 1152.8171 349.763 1198.9822 460.96027
0.75329936 700.6075 375.37683 729.52106 444.83972
0.7441013 103.78054 388.2527 133.2632 457.79657
0.68630403 893.6394 367.05057 921.13904 432.95676
0.64146936 844.15656 364.39066 872.9576 432.9811
0.63240117 234.74397 383.32898 268.08963 463.04706
0.561414 129.43282 385.50238 162.8878 464.752
