0.9081997 620.2157 349.96005 678.5714 492.50443
0.85371995 881.1969 357.4357 950.57007 525.0862
0.8400969 1133.717 370.87482 1203.168 538.1292
0.7705789 701.3673 342.29996 763.79724 494.35977
0.7701296 987.82306 357.38013 1049.6862 507.02075
0.7421799 1064.0593 368.37946 1114.2126 489.1148
0.6195577 1092.6649 363.89783 1144.4899 487.08203
0.6153772 904.2454 372.40805 970.314 530.6752
0.57176834 1116.7847 353.3545 1177.4133 501.2069
0.55572957 1016.7969 356.94177 1074.6418 498.83997
0.52072537 583.5221 348.2457 603.08215 395.12924
