0.91536635 1053.0033 320.08624 1100.2794 435.99268
0.9031937 1156.4626 297.39178 1249.2126 521.1713
0.90239865 794.45605 322.89273 828.3804 403.70187
0.90103465 1007.0736 318.39325 1056.4125 438.22296
0.89852875 928.461 321.88333 961.99225 402.97073
0.89833605 229.70816 311.79755 266.19617 397.41174
0.8981626 836.97363 313.17868 866.1344 382.9235
0.8806021 969.83356 325.20663 1004.3735 408.25613
0.8550881 819.42847 314.41205 851.6782 392.34503
0.83674777 1124.9043 304.15005 1177.2617 430.55795
0.8136987 1104.3383 312.5736 1154.9425 434.66028
0.8086511 899.34845 321.59665 934.6823 405.24594
0.80776626 1203.0305 313.63043 1260.0266 450.11053
0.8016141 950.591 316.88065 985.40485 400.29837
0.7783836 1083.9692 323.36435 1124.0911 420.35092
0.7763089 865.8084 321.80457 901.38763 404.52515
0.7705799 544.1575 307.98022 580.5394 394.92065
0.73664486 130.53835 331.34323 242.13066 596.95276
0.59377694 681.6388 303.1809 701.43506 350.05
0.55121976 88.80138 303.21674 113.678894 363.06433
0.52845764 1022.81024 314.28088 1068.2468 420.98694
0.50703067 149.19302 318.53278 177.69662 387.2577
