0.94058424 779.57733 340.01917 906.99713 647.5274
0.8974623 865.0184 296.29626 1011.38385 662.445
0.8839963 221.69421 346.30048 292.62067 517.9918
0.8660758 1040.7725 322.14713 1083.6296 422.68765
0.83622485 1078.3511 296.03412 1240.5527 692.8123
0.8044335 780.27136 345.9658 811.6499 419.95895
0.7794193 46.89542 377.93234 77.543785 452.5756
0.77181375 358.45514 324.7425 481.2198 619.31616
0.62273496 997.29156 326.31485 1034.5588 415.27896
0.6209454 291.63678 262.3503 315.4308 316.4343
0.60599697 16.518608 389.37253 44.841675 455.0649
0.5785938 136.92688 384.76694 162.17117 445.96915
0.5072116 0.0 389.24847 22.82831 468.5844
