0.94958293 42.15568 261.68683 110.04608 425.1576
0.8838015 1080.1958 249.84811 1138.8633 389.17642
0.8814329 949.7477 262.6561 994.3605 371.66043
0.86595386 1191.8267 250.60422 1255.8662 408.50558
0.85989195 757.8266 266.3058 805.7359 381.49243
0.850893 0.0 262.84207 35.596027 392.71
0.8197525 894.19073 288.0811 921.9128 355.6555
0.7701817 1107.6799 242.86472 1208.7109 482.31424
0.76274496 932.91473 276.1642 966.8516 357.54007
0.71660346 1157.6195 241.91158 1225.7631 402.5777
0.66077 973.20374 274.945 1009.8611 363.7959
0.5783475 911.6277 284.9148 940.64075 355.91962
0.54144216 636.87305 289.6658 654.88257 331.03458
0.5071366 480.3931 280.08218 505.24606 336.18893
0.5001714 1051.6077 259.17883 1101.9932 379.4193
