0.861835 70.980545 441.7698 100.59508 513.10706
0.8466941 197.44597 458.77823 222.50606 519.62537
0.8398345 403.5064 446.51068 486.26105 645.3714
0.8323417 319.10382 438.70227 407.32263 653.62585
0.81869316 742.3426 498.24893 767.3448 557.20544
0.7758346 760.3098 491.82196 788.3296 559.7082
0.761709 234.38344 453.1244 264.3017 523.3914
0.74875885 110.63002 443.26147 140.9628 514.7108
0.7235719 804.42944 501.3969 832.4535 567.7343
0.71229714 215.53369 458.6366 241.52698 521.3096
0.7051289 772.8443 498.4718 799.98846 562.93164
0.64449096 873.40594 507.3349 901.4742 574.951
0.62387925 144.01274 456.78134 168.53957 516.2193
0.61289656 122.27331 450.94128 147.88866 511.44843
0.60059 860.36456 507.662 886.2857 570.21533
