0.8291791 657.29156 332.2826 697.7038 428.81665
0.79837996 491.9911 342.98596 521.22626 412.1856
0.79464895 405.47516 327.70032 444.56787 421.0124
0.74296814 1123.4725 344.08652 1156.8468 424.0533
0.67878854 12.606253 330.79514 53.60013 430.84048
0.66298586 124.374916 324.25623 155.42212 397.98987
0.63562965 932.4363 336.92642 958.605 399.65128
0.61686134 105.27541 331.74664 130.54477 391.68414
0.5778998 903.1007 333.4085 928.2738 393.5006
0.5738625 1082.5231 342.11954 1121.7924 437.34402
0.53650486 813.0074 342.9188 838.8321 404.55807
0.5115036 1031.9843 337.79843 1063.1073 411.5002
