0.8988455 843.307 276.54926 917.66296 458.112
0.8860601 809.28296 332.6201 849.00977 427.9774
0.86011124 1131.7234 290.16037 1196.8845 445.9874
0.8490756 1068.2972 268.8554 1147.316 459.32538
0.84784395 974.1266 273.58386 1048.0284 455.86066
0.842631 945.2908 302.47836 985.12695 396.04623
0.8160689 899.9597 315.3638 935.93567 402.1519
0.75890243 1162.9896 272.15344 1242.0658 460.1408
0.72330445 1000.9397 286.65277 1071.6382 454.9793
0.6224464 1201.5962 272.4271 1278.8887 456.5002
0.5578539 1052.3812 289.02393 1120.5277 455.78735
