0.8892087 0.4994583 433.77423 74.08469 639.51495
0.8837531 251.43367 436.90082 382.89453 708.62286
0.86300385 929.40234 443.27454 1061.5983 719.0
0.86154795 136.75804 412.91672 220.32991 614.4768
0.85208815 863.41656 436.5332 994.94794 719.0
0.8422631 600.4883 414.20386 685.525 622.5736
0.8372956 643.79144 430.08032 761.23663 709.22705
0.78870094 808.02014 432.27155 893.9032 640.0452
0.7024146 1134.991 461.69882 1271.6782 719.0
0.6099618 1134.7161 459.43405 1157.929 515.6814
0.59261245 494.28174 441.52493 519.5743 501.29147
0.5635264 400.9028 434.15652 426.1273 493.68704
0.5581841 321.0985 411.96252 434.43506 693.54565
