0.9242259 1045.7831 151.15625 1189.8514 496.9917
0.90764576 751.5451 205.2321 866.8388 490.4203
0.8454516 554.3498 250.57893 666.4526 522.48914
0.8245448 108.18442 290.3603 226.27942 577.12494
0.7995316 66.71547 280.41187 191.84407 591.35614
0.7758517 1013.1469 203.23122 1118.3444 464.21185
0.74259996 507.44083 246.61885 624.00037 534.4279
0.7250596 339.15564 231.67603 438.78986 467.2411
0.6967709 996.8488 230.93416 1083.0009 434.57965
0.6738477 257.3208 269.62415 369.15192 540.1177
0.55371916 302.38736 257.62122 411.6503 523.9926
0.5369611 0.0 300.63422 58.758667 505.4485
