0.92240244 1190.7505 373.12262 1262.9265 546.1421
0.89306206 1095.5525 391.8522 1156.9658 537.75354
0.87961066 163.06662 372.80432 207.30945 479.3672
0.87953854 92.602005 367.95248 137.01875 473.89377
0.8759724 51.041153 375.60782 89.27809 466.47232
0.83371884 202.21553 386.00763 240.50465 478.26532
0.8287356 238.55473 383.8932 274.2569 469.79834
0.82394713 999.7622 404.26123 1039.6029 497.66986
0.793217 1.4148045 374.13464 39.439095 467.81873
0.7903359 117.26726 372.94055 158.63524 472.13196
0.7584605 65.188385 373.96112 104.849304 468.44287
0.71533585 955.5274 412.0892 978.7116 465.6127
0.5297989 990.1618 418.40424 1013.08234 469.9367
0.50671786 178.3519 384.3356 217.88443 476.01376
