0.90908545 893.084 482.16388 942.7468 599.29596
0.88243407 1083.1769 468.34723 1148.7323 626.78046
0.82667166 997.49963 487.46616 1041.833 593.69434
0.7952069 815.4166 488.5619 857.2738 588.40515
0.7695533 945.6155 482.56784 991.7727 592.7355
0.7477375 912.42444 489.17273 955.47485 592.22327
0.7441024 1037.5463 491.1534 1079.0599 592.5756
0.7428152 750.6842 483.3903 795.58887 590.40216
0.63738775 785.3545 488.47287 820.0598 570.9952
0.5797432 884.24005 501.13455 915.352 574.2641
0.500808 832.2988 488.81445 873.5222 586.75415
