0.9024399 309.94647 256.849 379.18274 419.48743
0.88710505 352.64914 266.86038 439.37692 475.22025
0.8382575 631.5952 286.9176 659.4691 353.29535
0.7922653 575.1985 287.93552 601.11584 350.3154
0.7684589 139.45233 275.1332 210.66888 447.69327
0.75625974 679.79944 287.17636 707.90173 355.0126
0.74176735 1218.9377 286.26578 1245.7073 348.92886
0.7259929 584.27795 289.4558 609.1249 349.833
0.72567445 1086.4773 294.174 1111.2874 351.58972
0.7163311 1063.9545 288.50607 1089.5951 349.7108
0.6123918 1130.9634 295.609 1156.2676 354.5747
0.5864223 1167.436 288.94913 1186.904 333.83432
