0.9213126 1159.2966 371.0461 1230.3396 540.5178
0.9089639 574.8692 373.37094 615.0961 468.75125
0.8663187 312.73813 343.31522 362.11374 461.57614
0.8321358 713.29956 377.6441 757.0737 482.14258
0.8119817 624.0323 370.62183 664.3637 467.49072
0.79387796 843.0001 375.82074 879.853 464.92584
0.7844559 163.92322 365.12997 198.01071 446.93802
0.77817017 60.710266 369.8258 99.41905 459.9289
0.7695534 913.5067 381.28964 952.4363 476.2582
0.7075108 925.7652 379.08267 967.3338 479.50528
0.69247204 886.8133 378.16492 922.6794 462.33392
