0.9403392 207.25725 310.88147 234.85732 377.47858
0.92526156 117.781265 318.9022 182.60423 477.24698
0.90764546 388.78174 284.60162 451.70886 435.45032
0.80014145 513.0611 294.03885 547.90436 377.0845
0.7677139 561.82196 297.45337 592.4637 370.6054
0.7347497 690.8401 275.3235 762.208 447.18036
0.73120004 807.5612 285.82706 842.3836 370.1445
0.68216795 984.44696 293.07562 1015.10187 365.92535
0.63070726 240.79233 296.63846 268.49655 363.47714
0.5497687 946.33417 290.73685 964.9217 335.23807
0.51129544 924.55334 289.65018 943.7715 334.88943
0.5060644 742.8115 254.30554 831.44324 472.88702
