0.91054183 253.73055 327.61316 295.6009 429.59735
0.86667025 876.05237 342.43094 916.391 438.28262
0.79050976 280.40237 339.56613 316.39676 428.3502
0.7739706 106.746445 285.5581 188.21046 483.53003
0.73212945 800.38794 359.0739 823.26904 413.01428
0.72704524 1105.2927 348.1906 1145.9805 446.29285
0.7250188 968.92004 364.61572 997.91016 434.86798
0.68752307 1137.3965 351.51126 1171.947 434.29202
0.6796206 912.91547 357.85803 935.3049 411.62817
0.653888 818.6173 359.52527 839.5565 408.09332
0.6359373 776.75366 354.11395 800.3762 410.69745
0.62706107 1091.9913 354.3398 1124.413 433.1583
0.58970577 1205.546 346.58432 1242.8304 436.05185
0.5836675 1186.6649 341.4414 1226.3492 437.14728
0.57851976 835.5284 360.56354 854.74554 406.39966
0.52842414 380.2247 347.68848 403.10098 403.7298
0.5115167 901.57684 359.5383 923.9765 412.5922
