0.9106985 91.630875 290.88315 141.00908 410.9081
0.8832256 164.5481 280.49518 216.12436 405.28918
0.8729325 119.56938 290.52856 169.19469 411.47278
0.8483958 1019.59845 315.17157 1069.5082 436.85773
0.8462262 861.1146 303.54068 903.296 406.9224
0.82325864 929.1633 316.5953 980.3092 441.04996
0.81549263 887.19366 314.9234 926.67584 410.5027
0.8147858 54.858658 300.69174 99.6508 409.24258
0.78192985 1136.349 321.58435 1192.8466 457.08276
0.7307038 1042.0458 308.15353 1094.3956 434.2299
0.7293484 1085.9353 314.78696 1134.6672 432.4706
0.70849025 1211.6073 286.79712 1279.0 475.3775
0.70833653 900.8883 314.6635 940.69165 410.58197
0.68420774 1102.655 313.34216 1152.697 435.89667
0.664305 994.7317 314.96967 1039.7244 422.51648
0.6216414 914.24365 318.8306 953.37524 412.06583
