0.8863537 1032.5422 285.8199 1091.7158 427.51434
0.87753505 373.1262 260.841 408.2043 346.63983
0.87429684 756.3453 260.83368 838.4007 459.70837
0.8464592 849.81445 274.10574 877.1681 337.4407
0.8343975 266.74652 262.9676 299.93738 342.54987
0.8092322 403.1379 265.75958 436.14517 344.5511
0.77755576 322.99185 265.3492 354.3273 339.21817
0.76050866 886.2832 268.67233 921.6444 353.28043
0.7458919 1181.7338 289.36658 1248.6791 450.59705
0.693567 631.5767 286.88248 699.2391 448.89468
0.66150177 148.50363 268.09805 180.0632 343.33847
0.6144409 516.2182 258.7791 589.11957 436.05072
0.6095224 837.65906 273.0545 866.55615 341.88263
