0.91601384 1019.4616 225.71582 1115.5978 459.792
0.9133336 920.8273 223.71979 999.14294 412.61517
0.8856232 1060.0038 214.40414 1159.402 456.97153
0.84944206 712.6148 243.77156 747.2249 326.73325
0.82427114 88.13313 264.66458 131.41125 366.7236
0.8218733 779.7506 253.60295 810.6354 328.2174
0.81834626 860.1229 236.3427 901.5686 336.8858
0.72388524 803.7255 248.4847 835.815 325.6231
0.72360176 650.43164 265.49225 678.53467 332.73877
0.67112535 980.70776 254.23918 1017.7178 340.39734
0.5360404 639.14496 272.54608 664.50323 331.88568
