0.9225213 1208.6659 367.10147 1279.0 552.2086
0.8858042 1045.5481 358.76324 1124.242 549.6151
0.78393924 1119.9756 333.34933 1206.322 542.57904
0.7495672 823.8789 369.36713 848.563 429.97644
0.73875755 298.57584 352.5751 320.77628 406.283
0.7335292 864.1785 370.80627 894.7164 443.00165
0.6909528 738.85657 373.46143 764.56604 434.39386
0.6568786 272.77524 353.47324 297.03763 412.579
0.6566165 336.5762 354.88666 361.49588 415.2343
0.6509372 320.51974 358.5407 343.06808 411.07788
0.50888383 361.25897 359.8747 380.7306 405.0312
0.50482386 264.7372 357.28528 288.95706 414.2895
