0.8555496 47.88471 311.34525 107.4279 455.43802
0.85386693 344.917 305.35437 378.7732 385.6339
0.84394604 1214.1644 183.1877 1279.0 356.23267
0.81950575 328.6834 308.46292 356.84668 377.3624
0.7499151 295.09903 316.99945 323.43033 383.52863
0.70684177 527.85516 283.86737 552.30194 342.53534
0.6664415 229.79633 308.55594 263.60333 389.15067
0.65903103 389.82172 309.93527 416.92914 373.83408
0.6110748 543.2966 281.4749 569.1622 343.55267
0.5721661 498.81104 286.4401 521.55475 339.32095
0.5313378 269.68677 320.01016 298.88464 389.07333
