0.90364766 773.9607 317.44916 868.92773 547.874
0.9024563 622.2436 304.21216 714.5888 527.73566
0.8991857 525.94574 300.69092 623.28094 538.7326
0.884785 981.8926 325.271 1066.5359 533.3243
0.84041893 909.68365 373.9364 945.19696 457.8396
0.8138201 936.7816 375.03857 970.92395 456.72906
0.81323737 866.28265 378.8714 896.81964 452.625
0.8083767 3.6134644 289.3988 100.24781 571.9285
0.7991445 489.8386 315.4761 587.3571 541.4204
0.7722083 453.5007 363.7765 491.03903 453.46088
0.7433042 264.06613 336.682 343.21652 526.08
0.7032398 314.36642 331.63858 389.5486 514.64905
0.69358134 700.89453 348.51877 742.9518 450.99832
