0.8185263 876.6581 254.23132 916.0989 347.30267
0.8098652 1039.9991 240.39447 1088.629 357.64667
0.7699329 1098.5962 245.9331 1166.4849 413.3084
0.7528787 978.333 236.7619 1041.3785 388.6447
0.70403254 812.385 254.9917 852.5193 351.48834
0.7036182 788.8147 252.69188 829.6102 351.48492
0.6890445 909.76776 247.27458 953.51654 352.7782
0.66627127 1198.328 238.65161 1272.004 415.72467
0.632428 240.87845 257.57196 275.53256 342.07397
0.6035336 1080.5648 243.1745 1115.2965 324.50018
0.5167661 855.6538 259.03983 888.30774 336.543
