0.9558291 28.658897 326.77332 188.68924 711.16626
0.84868824 925.62195 320.99918 960.1758 403.8372
0.8441971 870.1868 325.5198 909.80255 422.00577
0.8345 977.97516 322.3989 1014.05963 408.42203
0.7897785 1000.749 322.873 1036.4457 409.5246
0.7706436 949.7347 323.94345 982.392 400.50803
0.7001918 840.98157 333.397 876.09717 418.28238
0.64642847 751.64954 333.03558 787.8949 419.149
0.6048667 719.08844 339.84747 752.66534 420.3012
0.56785053 687.13104 338.14893 720.2282 418.8067
0.5579373 611.9422 328.61633 641.97125 398.29785
0.550915 824.3146 325.6622 864.72046 420.57297
