0.8660272 959.1228 287.46606 1017.83655 428.71564
0.82654685 1042.2947 294.52374 1082.7363 393.06885
0.8227813 1176.4994 303.84735 1230.4259 434.11816
0.8203853 853.80743 296.96704 892.35284 389.1718
0.7790412 294.29047 280.1786 330.20618 364.58502
0.73078185 1205.8335 305.98654 1264.9001 453.20615
0.6296913 997.628 293.98907 1041.9753 398.55066
0.6232102 1239.0093 308.87872 1279.0 474.07147
0.57244146 889.5179 305.6895 923.602 387.4135
0.5635105 266.594 282.14465 300.1931 361.54822
0.5605854 41.072525 281.24887 63.518463 334.6323
0.5201802 955.06384 301.93567 982.93115 367.83698
