0.8752761 882.7496 295.48416 919.2485 382.33408
0.84538424 1077.0276 285.69 1164.6921 498.3141
0.81173825 816.69824 298.7307 849.7123 378.414
0.8055265 844.50385 302.99 875.6108 376.1112
0.80147475 161.72728 314.83353 183.46062 366.16043
0.779726 44.268612 313.8421 71.20604 379.8089
0.7644386 777.13556 307.2014 805.40106 376.83426
0.7362124 31.54643 315.60352 59.21202 381.83875
0.73354757 598.11285 298.52393 630.76776 377.16833
0.7086559 0.0 303.44498 20.6073 378.58322
0.6943839 687.5458 309.02643 713.3457 371.351
0.6781557 193.62645 315.55695 214.0305 363.30475
0.65145075 180.19894 319.88107 199.00641 363.5939
0.6497998 120.237854 313.54706 150.45181 385.90582
0.6333797 215.52348 317.04565 234.283 360.53754
0.569928 715.3026 308.74738 735.46875 357.73883
0.55265343 921.3446 292.95395 958.3384 381.29007
0.5464863 63.312317 316.9788 88.23964 373.2183
