0.9021228 567.03815 354.76605 605.7504 447.30518
0.8984656 473.07272 347.2194 524.45685 470.00632
0.8881128 4.5804977 339.4596 77.02351 510.6925
0.8859729 277.78894 340.38412 345.9677 504.7122
0.8785793 514.3805 354.94144 559.8605 462.6663
0.85322976 45.773552 344.12204 104.752205 487.07907
0.8197554 602.55426 356.33832 639.5806 444.6599
0.81813407 374.3719 358.11505 419.98523 467.1734
0.81563556 68.44984 337.3814 138.23825 504.59515
0.7476949 634.33405 353.77432 674.5959 448.1907
0.7396487 302.30212 353.09406 355.40356 480.22455
0.7278706 664.91003 359.45428 702.31506 450.10626
0.59949833 237.66957 353.16818 285.08774 467.38547
0.57702893 107.172806 353.5629 167.79112 496.23715
