0.84775484 478.64056 389.71936 550.0959 561.8624
0.7920385 1073.6254 415.79712 1105.42 493.273
0.78090626 1050.8739 417.16556 1081.3817 490.2811
0.77765304 1030.1295 413.51376 1062.0441 489.74783
0.76211566 2.1988792 406.11987 86.59212 616.78284
0.7223992 1116.5992 425.34872 1146.1437 497.41336
0.6582083 370.494 417.66336 403.1957 495.35104
0.6563962 396.89688 412.34375 424.43784 479.3864
0.5777894 139.92128 417.85425 168.72398 488.47382
0.5503086 561.3037 412.46503 589.57104 480.6089
0.5339907 1173.7665 415.89243 1239.5109 572.79065
