0.9395324 849.8575 413.34177 904.94403 549.74896
0.88923824 1154.1357 427.28915 1227.2864 599.6351
0.8626612 1030.3513 431.19104 1094.5076 586.64386
0.8505766 1192.0477 432.68512 1263.2965 601.8962
0.8450107 1063.321 427.77554 1137.2695 605.02856
0.7849037 1094.7628 422.69574 1168.7299 603.5799
0.7698313 830.7696 419.17047 856.1253 477.90466
0.727212 664.5352 398.80762 693.1298 466.2146
0.7043555 816.2844 420.14984 839.50793 475.41083
0.6995225 1226.8939 444.37665 1279.0 587.2872
0.6821946 1121.8527 430.66357 1192.9728 596.9104
0.6734239 777.31726 412.08817 804.2389 476.97623
0.6492495 897.4396 421.3457 950.3574 551.3071
0.5980823 698.2368 408.60437 721.33484 464.7848
0.5288424 564.7206 377.61038 638.6549 554.63513
0.51214033 799.93134 419.436 821.86676 472.5936
0.5110027 763.1094 412.98 788.9612 475.10892
0.50536364 649.15674 400.66736 676.0383 463.86395
