0.9083436 859.62024 317.70956 901.8342 421.1238
0.8578414 1026.3146 321.23175 1067.0424 419.68616
0.851796 352.29327 332.7024 386.83704 415.46857
0.8464217 204.8275 337.72714 242.41634 427.2064
0.84249485 816.0261 329.09033 853.2068 418.17462
0.82352 1048.6548 317.92245 1093.4062 425.44156
0.79534405 378.91254 335.8973 414.117 419.56247
0.77212095 907.1418 271.96765 994.3471 474.39502
0.7038082 272.41672 319.74817 317.09537 427.64374
0.6893411 988.13806 329.16336 1026.2516 422.19595
0.6248311 1179.5032 269.0431 1253.612 448.0219
0.5623515 0.01949501 327.5052 48.527863 467.47803
0.56066537 285.6948 318.55252 339.46292 447.17972
0.5403657 328.6419 345.3543 357.64545 414.21112
