0.86391443 111.1279 186.88318 200.16235 404.82037
0.8632208 455.4512 250.87115 510.37338 385.58093
0.8413592 501.45538 258.78763 545.5252 363.75552
0.83972025 550.11597 243.07855 606.2483 379.88208
0.7534788 1146.5431 305.42792 1174.6818 372.30676
0.7386259 402.20132 237.21626 471.7393 404.2072
0.72142655 2.0089684 169.77742 104.23801 502.8036
0.7127136 702.60864 252.49992 783.87305 452.20526
0.6935325 1182.322 306.47638 1210.2131 374.03253
0.68595177 223.71246 206.12886 296.86383 386.4983
0.6383136 1208.9741 297.49854 1243.7607 379.16504
0.6070619 84.47343 205.99828 153.11731 373.9756
0.5994664 614.3145 235.7307 694.05023 429.6394
0.5322427 362.32104 247.6993 424.82416 398.84918
