0.87143415 843.21265 287.20615 895.36743 413.40103
0.865475 799.49554 312.1406 852.7729 441.88705
0.8477791 1029.4744 270.10568 1089.2969 413.09055
0.8363384 1081.238 264.72955 1135.5239 396.87286
0.83351916 681.7653 315.8099 711.7492 386.87192
0.8072083 931.8942 274.1957 1017.24115 477.39548
0.79807824 734.8687 307.2943 760.1883 369.2229
0.74246925 994.50476 275.6341 1060.984 434.0091
0.7346785 1099.5519 264.6825 1154.962 395.79755
0.69693905 882.958 291.5916 930.7272 407.03375
0.6684241 1157.466 262.79446 1237.8444 462.17557
